1000
655
1465
249
399
159
1225
341
145
1227
357
1517
787
1453
1209
695
1025
1615
1045
1013
257
653
857
1283
191
1367
279
1981
1705
233
1603
161
1449
433
1853
1389
1327
223
71
1551
1763
93
847
343
187
455
1189
1191
565
1157
741
1347
335
21
197
81
703
599
1657
1459
271
91
613
813
1767
951
1899
569
1567
505
1701
299
1451
1829
1511
1479
217
45
1753
477
1201
869
1809
1269
1231
1939
1513
1889
943
1311
485
1661
849
1169
1803
1695
807
1685
1571
189
1121
1911
431
765
1681
1309
67
713
1583
1651
1611
437
1845
1839
1407
1779
1107
775
1963
87
663
1535
1943
1533
687
423
1415
1051
709
281
1735
497
1235
1491
1679
963
73
1525
577
1997
749
957
17
205
1895
149
597
675
1429
1869
1731
1009
125
511
1443
1027
1221
969
917
1923
1543
1499
763
1691
367
473
1279
393
731
1659
1073
1471
1933
1091
361
865
1999
891
1967
1387
1293
1725
261
1805
369
1161
1693
1171
723
651
1941
1115
1771
919
1239
609
985
1069
277
889
457
1375
1043
1777
1127
375
331
41
201
1815
207
1183
1413
1769
451
1173
1323
209
1783
385
1847
85
1945
243
1835
1891
925
1277
1519
51
955
115
1799
911
305
383
979
861
131
49
1913
1305
621
307
75
1607
961
1851
1789
1505
1059
1487
371
627
639
365
1743
1151
895
1711
1291
1977
619
883
519
575
1823
253
509
1259
155
463
1529
595
1819
1339
345
1975
947
9
415
1167
39
1949
445
715
711
851
1907
1811
991
1677
1035
1247
1053
1733
413
285
1129
1669
373
539
1357
1207
323
1217
1797
479
1879
1969
923
697
1373
363
1935
567
427
195
1545
1509
181
1087
1193
631
119
1391
1
659
1723
251
1909
641
59
1593
561
1515
1437
1097
1575
327
1565
387
173
95
1613
973
1361
1665
1229
419
1563
1597
1425
667
133
1345
1667
275
825
1489
347
1495
1717
89
475
1255
1579
25
1481
1929
901
1775
1559
1133
601
1063
179
1483
1629
1335
1881
11
1549
1897
527
199
1813
1537
1041
1993
163
107
633
1281
899
1399
1401
759
533
1569
1379
681
1729
559
1117
593
259
801
1297
239
325
753
1319
1179
1601
867
1683
1103
1395
2001
495
1381
1585
547
193
33
1463
1029
219
513
453
429
315
135
1893
1785
447
499
79
491
1857
669
13
1599
965
147
839
837
751
303
313
1861
443
241
563
377
1539
977
1739
1405
767
1653
77
1049
1105
403
1837
1795
1271
739
1573
791
153
1625
103
1971
1267
1185
941
1329
1791
109
165
1655
773
799
1595
995
1807
1131
1427
1445
843
959
817
879
1033
1223
1071
1205
1605
967
1627
47
819
493
1397
1369
1663
855
523
589
1143
1447
1631
99
1751
185
319
1707
1959
587
255
1547
1359
1275
167
1503
467
789
939
521
1737
1633
411
263
337
1609
805
821
829
297
1675
359
231
63
1001
933
679
1523
137
535
213
1237
529
1135
381
1973
1765
747
685
1343
333
183
97
1015
1331
1759
1099
507
1155
993
657
1341
139
581
927
1773
23
175
1745
707
1351
111
1781
171
1863
1315
1037
1859
555
1065
1085
483
553
1985
693
481
1377
541
317
1125
287
1093
1317
1541
981
441
1741
1181
1253
1007
607
761
733
989
1987
909
1393
1273
1883
421
871
1591
615
1295
769
1617
571
699
975
1439
1919
1905
117
57
1249
1095
1287
517
1021
1957
1761
31
779
689
353
1647
1265
459
225
835
795
101
43
1587
1983
1075
339
1497
1061
1301
1979
1177
1577
309
1673
921
1195
831
543
1687
1321
1109
677
1873
1713
1843
127
1871
665
1621
55
267
1757
1927
1423
953
1261
637
1827
215
291
293
1581
525
283
15
1719
61
937
1831
1385
573
1441
1419
1965
551
833
1163
603
1755
53
1947
827
1877
1083
435
1251
1855
1233
1867
1313
123
643
245
1411
311
83
629
1137
649
1455
1213
935
605
461
1467
1521
469
881
1473
449
1211
1289
1715
1349
1383
1901
1215
971
1671
1307
503
1243
873
355
1461
405
737
1421
211
755
439
1531
823
391
1147
1409
1639
1915
1005
897
269
301
987
1241
203
409
1961
7
1553
635
1337
625
321
1299
129
701
121
1989
793
1637
735
1849
863
811
1245
781
65
1077
1955
583
803
19
471
531
501
401
3
1747
549
69
1159
1257
887
717
1649
645
617
177
1003
1937
1039
853
235
591
913
1921
247
815
1145
797
585
1199
1917
1055
141
1475
1089
997
1119
229
1623
1175
1139
1699
1721
487
785
1995
683
1355
579
349
623
545
1219
1887
1017
915
1371
1727
1031
1149
705
515
351
1019
1203
1953
1749
389
691
289
1643
611
143
1817
1187
1165
1433
931
329
237
1793
227
29
875
1875
1197
841
395
757
1153
295
983
945
1403
221
1865
1507
1557
729
417
1111
721
379
1431
1619
489
1903
27
1011
845
1435
1365
265
661
1703
1561
1951
157
1527
907
783
673
1081
1931
35
1057
1589
465
425
1833
1477
1555
105
885
397
1079
1821
1689
151
771
1067
743
1123
1801
1787
777
671
1113
859
1303
725
113
1325
647
893
877
1825
1885
1047
1469
1353
557
1101
169
1709
1641
37
1991
929
1417
273
1485
1925
1141
1493
1363
537
745
1697
1841
727
407
1635
1457
809
1333
1023
1501
719
999
949
1285
1263
903
905
1645
