10000
1
19657
19029
13277
533
12823
7333
6221
12123
11687
19667
18731
14765
9737
11299
2277
8713
3435
14939
18995
16715
7255
2307
3625
11889
163
5691
2971
15499
393
16843
4137
325
5681
12495
14637
12169
5875
7811
14207
11633
17779
15765
1677
12897
16419
15267
5143
3039
4357
3367
1215
16173
11641
11629
499
10719
7571
18323
2611
11347
3793
3857
12049
10069
4329
1697
12619
19803
6859
9707
2445
97
3879
14969
15937
9537
8585
7805
16115
1651
5243
1219
4943
6023
2771
10125
14009
3443
16531
9517
2995
3
10759
3563
3313
14679
14345
5991
18319
18779
5873
7601
7943
4545
8555
14409
13993
9599
11947
8171
12387
15893
8099
19791
7795
8223
18703
19997
12243
17733
13053
5277
8315
3547
10841
3109
3901
18663
6007
165
12205
12985
17579
5783
2439
6425
8255
1525
7839
13889
10991
14179
11295
6263
18005
1723
8519
7829
1321
14561
733
10843
12465
16321
18861
8663
8577
17107
7167
3455
4909
13043
7857
8983
17879
8005
1537
7409
11393
16217
14857
3961
809
8563
11473
6479
17679
10287
18557
7859
9765
7955
15677
11837
1941
12105
8295
11883
17653
763
9337
19863
16483
15963
10379
9057
5659
5825
16317
2147
17407
19623
4461
6773
14491
13473
19107
7063
19375
12365
10467
18247
7679
11545
8859
201
1745
6839
653
17429
1675
9693
8893
1575
4411
16633
6933
1811
15433
18115
5733
11893
19421
6583
12033
7259
9447
8883
11645
12907
10005
9369
4849
18959
12293
15465
15837
13331
16133
4533
11513
463
8459
9509
3629
9321
1785
17115
15483
2979
15293
12815
18979
9283
8383
8467
14353
17105
15035
18091
7873
5937
1931
853
13005
1415
11611
10239
10593
3571
19517
17495
13925
17437
13775
11771
16861
12397
1471
16039
9281
18849
17917
16003
12281
10555
12509
4603
1647
17845
3819
173
4583
1431
14235
8061
2279
17763
13755
3071
4557
8085
10459
14093
3865
6999
1597
5795
17485
17067
9431
19951
8019
10573
3735
11851
15929
12035
17433
9759
8237
5965
14675
4785
14129
19777
531
3379
5589
8413
935
1067
19805
9539
6431
1483
2787
17751
16341
5831
17003
13029
5631
19745
13971
17411
619
4277
16651
12337
12715
8041
14135
5361
11601
12185
961
15655
4769
2667
2751
8173
6949
11493
13543
13323
9255
2291
4803
5425
8301
17515
17599
8631
3781
4503
17775
5953
18089
16711
17355
2929
10801
18875
16227
11707
18189
217
14907
2219
19499
15181
11805
5547
7075
11377
11719
11297
11343
1031
12559
12797
5409
14031
4321
16821
119
483
12441
19149
14855
14099
10989
16529
19187
9675
4007
8695
9623
6633
4161
7769
6347
16905
14651
11869
9727
5525
13635
19651
8521
15921
8715
6821
13131
8853
10773
19219
13021
11355
14991
9483
7651
19673
1795
1559
6905
9277
9547
17373
4537
6307
4807
9331
17061
5383
6445
3219
19437
13789
11841
7199
19705
4989
16503
11223
9035
16961
19341
7897
2179
3535
5437
6285
2467
15047
11925
3675
559
19251
10167
8895
14701
3193
4739
5845
7215
19819
15975
10885
16047
2263
9211
11113
13901
19435
771
15907
7017
18513
4081
9127
2729
17993
1557
639
16163
6581
18833
19377
507
5113
14241
1195
19259
4175
8421
2877
6679
13401
18067
3403
1881
12643
8147
2571
11733
433
10673
4383
6875
18305
1151
7103
10209
7903
16889
13007
13511
775
5859
15699
9735
11649
2623
11015
14119
12959
8943
2699
8661
17569
6561
1857
25
8951
2357
15933
18011
529
13751
6963
7057
14773
19081
19319
11483
12055
15853
2325
7317
18191
10703
13657
6513
16557
16443
17615
10269
9653
725
14245
7085
1949
17143
7441
5155
16957
3291
2131
18223
10921
15207
17759
18119
14573
18629
15943
1759
19461
11241
13093
19063
8559
6703
17533
5759
17267
18695
9925
1221
2299
17385
683
12903
10985
9325
6171
3173
2223
14567
12537
7165
13135
713
16437
17793
12873
45
13851
8183
521
9307
17963
7357
17353
12645
823
5279
5627
10225
3127
14999
6631
15063
16647
707
3057
19463
17303
889
10109
5317
15919
6463
2373
13459
7967
17215
3441
6497
3903
4335
16547
15209
5687
4539
4151
3621
8955
10201
2035
15825
4687
13127
7459
4377
16825
17289
15115
4725
1957
1181
4235
15103
16093
8043
5467
9695
4893
8337
6591
11689
14509
907
4835
7613
3131
6403
18055
9591
10619
3593
5053
4449
15121
12321
8017
607
9215
691
9849
191
17325
357
8155
5697
11101
6691
10281
5717
803
7693
15965
13803
15759
2275
16543
9053
4311
12375
11143
791
19817
1413
9391
11721
18217
16121
18029
9085
11923
5511
10855
18803
813
9959
73
3277
9573
2085
5661
6205
5667
11675
6491
2193
11159
1155
11093
305
18719
621
9169
11125
945
285
12315
9655
7617
19607
1683
8815
3247
1737
3829
17893
15009
2685
16627
11353
5797
6313
3637
10199
2113
15003
8947
4541
8737
17095
13701
9479
11229
6927
14351
11191
6891
9423
2237
14267
19109
17999
16669
12339
8409
18135
10219
931
4389
18585
8219
1539
8307
14513
11605
7189
14203
13187
19807
19115
3337
13997
12633
16589
3231
4967
9107
2485
12379
7977
11963
5111
2693
14223
6863
10411
4215
15449
17869
219
8717
18881
211
7823
3037
5093
13769
6475
15555
13087
10265
13337
12521
16805
6865
14575
15769
10861
17383
14993
2965
6715
17561
4621
10937
2069
2171
18771
10257
10559
19311
989
19701
13369
3605
27
9385
16313
14603
18405
9833
5193
9375
2003
6177
19645
12849
5841
2707
7207
15679
12283
7185
5235
17149
15473
4827
12369
5039
6547
1687
18845
2609
9025
8253
5125
12469
5359
8087
10607
6785
15787
18723
9227
3283
15407
9411
11839
15517
16865
16993
3287
17897
18819
4793
13027
9205
14713
1497
3491
9835
18253
473
1509
7239
17153
2145
15883
8387
5989
17529
6861
18143
3647
9471
2107
17765
16017
7843
3255
18927
3993
8845
3035
15967
5159
6045
4253
485
14413
2071
6801
17553
1523
14249
18541
19195
1241
8623
5891
3307
4837
7949
4207
5621
9605
8725
18787
13797
9221
18631
15371
16735
3099
7077
9417
6867
16399
18679
5271
18109
19799
17719
10623
14949
17361
2505
15667
13785
459
13085
3985
885
14633
15137
7391
12071
12075
19099
17175
10865
2881
12389
10485
2391
14231
2427
7443
12533
9593
1423
2267
6815
13529
19199
13523
5707
10371
5319
12807
13689
9033
6451
3623
4833
1029
12065
13813
13159
2713
11801
19173
13861
15715
703
19313
3381
18023
17881
7135
3847
17257
1859
17099
1447
9259
11741
15629
4069
10453
2111
8567
8167
13051
16643
5071
5957
11115
15169
19019
7323
131
349
4507
2125
16857
1773
13623
19621
3267
7627
11431
12527
2591
5777
9575
5839
5997
15703
19603
14811
14269
4481
8735
839
16591
14905
5323
5453
14683
16701
3811
16367
1905
15961
2197
13791
2775
9997
13433
1657
19201
16183
18965
15157
13979
7791
7249
4905
343
625
1259
18457
9811
8359
8591
17351
15917
143
6595
15091
19767
12679
437
9047
8743
2041
8209
14587
16311
11119
11309
17589
3181
6095
3517
4771
747
14973
11385
1999
2491
16091
1923
2081
7861
2093
9713
1043
1673
17305
17769
13765
7671
16907
19725
427
17247
2419
8047
149
9371
57
10261
17945
9527
6569
1249
7541
3619
61
3681
19733
7139
11221
11871
7607
2675
15223
14731
9095
14843
10521
7161
8361
10249
1045
14415
15813
7605
15135
18847
10191
14917
3859
14341
4723
3805
12063
6277
19133
5973
11365
19609
7511
6713
12153
3075
14425
19647
13299
8933
12203
16019
11301
15399
10819
14377
12747
18727
14729
5559
3887
16237
13055
13527
10163
18743
743
10753
12763
11697
1813
717
4971
18295
5651
7917
19811
11445
3481
6599
14077
3059
1625
17819
3515
17697
14115
7467
19299
697
9133
10487
893
2903
13325
8595
11931
16869
10999
15897
2245
63
11969
15529
13591
4543
14983
13167
8987
12691
15515
1159
10147
4825
10565
18587
10307
18427
9239
3221
17709
19345
18239
1861
18169
18255
8961
16471
13919
17581
157
2233
227
10293
195
5919
19939
15991
1243
6135
2719
17055
12891
5135
18215
6337
9167
12585
16761
14367
8581
14763
1061
7533
11361
4423
10049
6447
9989
2143
19327
365
3855
16201
595
18675
13291
8293
7833
3077
19493
4575
2089
12017
12575
16685
3611
4781
13147
15417
19273
15155
4853
12051
12523
749
17649
207
12941
6535
17727
5441
425
17227
613
5835
8653
10859
16187
16099
1527
5391
14921
14029
8543
7097
7021
5755
5913
9493
12219
14569
5787
371
18621
431
5905
7685
17245
4623
8703
15665
10397
2181
519
19913
10621
11823
4553
1041
13023
11935
10159
15369
4393
10637
451
18527
15995
17671
6469
11151
5871
19007
15575
7493
12493
17611
19387
12149
1519
15229
9443
2691
4333
4269
16433
4315
6909
2429
2029
6099
18841
4933
13883
2297
10101
2259
95
5041
6761
18877
1543
4191
13935
1359
14041
6881
17885
4563
11063
237
11123
11419
16453
19641
7089
10551
11685
8817
5117
977
16671
13573
7799
5191
2019
5331
19771
16785
10175
3845
10701
1907
16511
6395
12503
17435
12489
5099
2653
1453
14479
2061
16239
1889
17283
3161
2441
3465
15381
12905
14741
1323
41
8765
15539
19369
15127
2169
4473
17889
15193
10731
8811
15043
17767
8105
15451
4305
11029
3129
15509
15309
19995
1183
13843
7385
18551
6753
6255
6695
11989
971
561
18207
9607
6115
19851
9445
11667
9557
17125
6819
6617
7341
12577
2517
9775
2969
19183
6733
8161
12805
9729
12147
11363
8139
4607
15793
14935
9125
14213
4709
11651
2469
7603
8093
2343
13941
5461
5395
13247
9799
11003
19915
6069
2839
15221
9291
11891
6165
18523
1669
14813
3343
18901
5535
19691
5325
3413
10765
13057
10825
6719
2321
9041
1551
4221
9201
3871
8857
19277
18469
8959
7337
257
1709
7659
8481
7453
3617
14003
16795
18933
1703
5747
2647
659
8785
9947
3263
18495
13563
11825
2637
13599
5775
15823
14137
1059
11749
12005
15463
2319
17573
11089
943
10729
4395
12969
5021
13287
729
2873
3673
12221
18057
14915
19477
15669
3341
11157
12471
6021
10657
6673
4443
16725
18287
6955
9731
16901
5925
2345
14355
7785
13329
19449
401
16829
14649
13625
7645
19793
1097
11033
6383
9723
2935
11335
1639
4363
9871
4917
2557
12671
1921
10571
13661
8615
14463
2523
2601
8101
8657
3599
10241
18883
16541
179
16285
16431
13227
16509
13461
99
13837
17861
13495
8375
9621
7445
9451
2527
3201
19611
7
11255
8291
6537
2155
16175
14755
15595
12491
17469
2173
2871
6227
2433
8065
4031
19605
539
4179
15211
16063
13497
781
1927
18697
14535
2577
16119
11293
5097
2375
18367
11599
17387
10955
12227
18369
11265
9531
16439
11955
12773
12287
7049
15709
6805
1261
19659
11463
17613
4435
18713
3995
19887
12247
1455
8515
15501
16629
251
1355
14835
19823
8773
1385
3041
10217
3269
18297
75
11379
6037
17547
11811
9783
5611
17585
11039
18315
7909
10253
3031
11655
351
19009
5329
7171
2765
1935
8945
7831
16573
4029
11479
8917
995
13855
8351
647
18263
15537
4217
13545
16775
9565
761
7213
3447
16103
8165
12869
15095
2561
5581
4437
2395
15191
3711
14749
15881
10041
19287
9721
6401
10661
16113
10675
1253
6197
15239
169
15953
16435
7629
85
14155
18681
6211
14929
17409
16609
19229
19783
2455
10043
17587
1671
15045
12735
4475
1167
7547
15085
5051
1771
13099
7225
7501
18929
10391
6689
2437
19015
15547
6743
2331
4485
8719
1489
1801
11169
7625
1569
14521
627
277
13565
4653
12613
3589
17161
695
18047
16813
2289
8909
11913
15755
799
3701
11973
1705
3065
1021
11703
4237
5533
18431
18493
17535
3833
11065
19457
15331
17887
9457
7119
15031
17213
1451
7975
1789
5645
5553
6371
7881
8779
5433
8333
1983
12479
15343
9839
5601
14927
11617
1731
10317
19893
1225
6993
3013
14165
5517
3399
8649
2371
10073
19353
16891
6777
3251
8385
15363
547
1063
4757
183
1851
3773
7989
12669
4929
55
19165
16981
18425
1017
4287
267
6987
465
19175
9773
1829
14335
8365
16999
5653
6381
9069
5403
4795
18973
14011
12843
6481
14469
1691
5551
14389
6959
18595
9889
973
8573
1571
12279
12481
11971
6093
5495
10727
11767
2595
12225
14289
4051
3713
11415
5701
2397
12285
979
3155
3739
453
11591
12535
13463
12857
15379
10315
9563
11861
11603
17419
12457
10687
17381
1383
16911
6269
19333
19355
15159
17001
10211
13721
14065
6339
4755
18767
1051
10423
6203
2967
19031
19785
18627
16013
10231
15643
10395
8827
8397
10045
10393
959
5583
10023
18291
1749
6603
7111
5753
19001
15593
15749
4373
11905
9489
4293
17255
199
12235
5353
15441
2655
18355
10895
9081
10169
8605
1701
11189
12551
11245
6361
1947
3363
17907
15353
9231
3213
7375
12275
17405
19491
17809
11251
12723
19529
17475
19271
11699
19739
3827
13203
1295
12759
69
1849
1547
6625
2443
14439
3925
7515
5333
6961
8647
4023
1711
4351
6103
3423
17955
8971
11943
16935
3177
16413
13673
10993
14745
1561
16565
7555
11983
16971
17171
8681
17675
11725
7969
6807
8035
4897
13345
4889
18065
12473
15219
14965
159
18155
5069
6783
17085
1169
18951
7981
17467
9045
19507
14043
15393
12497
12223
4153
469
3607
1389
1361
4273
8491
19983
679
19451
901
17063
11615
16211
2495
18963
15867
19189
11501
947
7105
8023
3107
7309
2617
4859
10083
8297
9407
16219
7091
8345
8309
2049
15545
1717
17681
13507
6119
13081
6429
11937
9
17151
16677
8395
1263
899
18465
1621
1797
2953
2213
14877
10715
15885
14801
7289
12141
7023
3935
19961
4349
18913
9049
7355
5607
19117
2633
16181
8303
6237
161
13195
11017
9929
18173
8635
4407
5829
13703
17311
13451
487
7539
13857
14279
18669
31
4133
5065
19821
875
14347
11323
14533
2411
11777
4633
1457
4599
7377
15707
11967
1265
13351
17855
1057
16523
15409
11291
20001
10575
2365
19789
16881
12167
47
3189
17265
10583
13415
3507
1897
6387
8941
17455
16945
383
12571
7211
13737
12877
3609
15401
6829
12825
19505
3147
12157
13315
12933
10449
14123
3785
6647
569
17319
5685
11525
17919
18131
9427
3689
7327
13771
7899
12769
7985
739
11833
4593
19239
3419
7345
2559
175
929
17165
2855
15729
18705
7577
553
12677
14909
11755
10809
13945
7227
8353
9163
4127
9851
15821
17635
10713
3027
15623
13549
7163
2043
18801
11275
865
15979
3641
1367
2031
8433
7885
535
7851
5081
13441
17359
3613
14371
7527
18687
3477
14523
7751
8699
295
10177
14357
6187
673
16461
15061
6443
16061
9267
5427
5985
2027
16329
7987
10119
1125
3667
16875
2785
3415
4409
9705
17951
2923
17575
18123
12311
4663
18231
14923
16797
11753
4271
689
16345
8545
16517
8285
12875
9223
15983
3475
1991
10035
19221
19523
783
1487
17029
16279
7399
11105
6717
2235
4145
14053
17331
255
6175
509
14875
111
7787
6529
12475
13059
10331
637
16839
19025
449
14557
15079
2831
10441
15173
11095
795
331
11867
19965
15809
1341
16781
2879
309
13915
13425
993
3433
10919
14705
10001
13521
18817
17911
1135
9051
7837
12059
19169
5479
1843
4847
1305
15737
5351
573
19521
12395
7273
3091
4629
247
18227
19855
13481
1439
13009
2359
1721
4257
15635
2763
8371
925
8935
19869
19317
10067
14591
16271
609
15697
1395
4595
4195
3241
2773
1005
16421
8205
14827
3371
6009
6293
5287
18793
4403
16955
19135
17219
19589
3581
3721
4427
1599
9859
13763
2645
5023
14039
9937
6931
14647
10115
8153
12357
9667
9977
17627
19423
1025
19841
6501
19151
8083
541
811
2249
955
10787
8163
15123
14461
1401
19397
14791
16681
11549
7689
1623
3275
17277
13075
1779
19179
16153
2383
4387
16937
5273
1099
19339
2341
213
3459
18485
9855
15935
11153
12963
19057
3789
2665
11201
15889
7931
3927
18453
17201
6893
12799
13719
391
18519
3705
17931
15
11449
16773
141
4027
7993
1901
11453
13955
14747
13443
16415
3387
3095
9793
11663
1529
14607
5857
4749
2703
18955
667
17
14963
18171
19407
13103
223
10039
1883
2115
3799
13805
7285
17629
16803
19591
17833
11491
1227
5591
8389
10709
3289
14501
16401
1679
12217
3633
17511
7311
11061
13669
17403
3761
6681
12347
5673
1743
10761
12359
18245
16049
4367
2783
1793
3767
1011
19309
15789
2165
10081
3937
16291
14393
16717
15093
14089
15083
6721
16853
17947
19391
18807
6841
4491
9505
10237
16705
4789
10783
5603
14845
19203
1223
5007
6655
17715
5771
7725
12211
7717
14625
10957
18003
13939
13621
19795
3695
1291
1715
3211
3073
17287
13913
13333
10213
4579
4935
19847
5109
4219
9923
5643
13663
5619
4439
7229
16527
1403
6969
1273
16287
7009
461
847
10501
10093
6649
16665
701
19161
7437
6697
4355
8051
15911
5153
15099
12629
17725
571
8241
17297
1819
77
4251
17685
10477
5899
3699
2683
2403
1217
6669
12191
11859
9177
9473
1619
12391
5491
9265
19481
18471
3261
9545
13947
10769
15927
10913
16561
16919
1961
15305
7983
16757
5173
15671
67
10983
3257
6675
5505
677
10463
13261
3081
4189
4861
6051
9543
17145
8889
13181
4193
18735
4173
17505
8551
3503
7435
4263
1565
1095
8485
5011
6077
8179
13833
5563
477
1083
13575
4801
2507
2857
5035
10263
8627
12659
12081
15327
8829
14349
8053
17315
19467
13773
10271
17033
4701
13801
8479
5715
10111
1643
1729
127
3023
19241
19091
4591
113
15019
12317
19425
16015
2749
6421
323
1755
16601
1799
1283
1111
3179
7581
9475
19907
13725
15477
17425
16539
3807
16251
7197
18275
15841
1267
17551
18281
11587
15395
13537
16929
12755
12911
10553
16885
14437
18937
12145
987
9909
17877
5151
12327
5297
1293
10181
6493
1445
2109
19661
13831
2649
6749
3763
11313
14025
9819
721
13031
3365
15283
4901
13641
18879
15603
8197
5593
18377
11593
10917
14893
9581
17791
16515
18923
13753
13143
12435
9617
9339
9503
18945
5119
2939
3821
779
18269
14739
8055
14821
11933
1481
3167
5387
19011
10389
5887
11691
23
16997
4233
7927
11843
12079
8523
16641
5291
2425
1147
5103
11035
2353
18095
15791
5669
19043
2229
13835
18725
7809
12729
17609
19599
7549
409
7661
3273
5907
8875
645
8025
13217
17217
675
14015
11487
15303
14217
19447
6301
12883
385
16161
7919
3151
9477
10291
3347
12015
5281
1205
18715
687
6111
10447
12597
17713
5029
12349
3565
11557
1179
3737
1839
19595
15761
4865
2869
17749
19579
14243
2483
5295
13283
18183
5483
253
9467
4469
11899
5485
10663
14753
6925
3853
523
15869
17087
12721
731
1327
16191
4185
14075
14307
12383
937
16263
4899
10563
12853
4817
16259
7765
11461
4341
18903
13305
4819
7107
7807
5251
13583
11567
14957
9699
1201
12251
9805
17415
8203
7401
16887
19935
2849
2781
15969
2599
1411
243
19895
14253
13903
1065
15105
759
2727
5399
17253
11815
5929
19217
10277
2815
7117
12657
4611
16011
18049
15403
13517
3103
3093
12955
471
4339
6107
7513
8931
1075
19101
2739
1071
19061
19487
17081
12813
6699
4685
18097
7235
7663
1943
14887
3753
3483
3175
2255
29
787
4779
13559
4981
1331
11345
19699
14641
4873
10333
17857
3663
8655
2183
12651
2023
10845
13849
3501
4487
15153
19211
6419
2809
897
7569
15863
3207
9561
8847
9569
11367
15673
10973
12913
133
6411
18447
4875
8453
4057
3265
3967
6329
14445
10927
19415
9497
14951
5149
13863
15025
16309
7217
19439
7821
3453
1951
1573
1577
18939
17039
2895
3135
4021
15675
13049
14005
2949
11671
9131
5341
4737
8277
15183
16097
11067
17235
8079
669
3559
6825
18491
9515
10189
727
15805
8977
18759
16197
18625
17797
19553
11847
4391
3545
16129
6487
14655
8027
2513
7145
1989
11533
2919
11485
4911
3345
18839
17167
10625
17755
1477
13453
4415
18007
10513
2597
1301
8327
2899
17827
15081
4325
5373
14919
7277
2119
16801
6253
4089
17309
18673
1193
821
14669
16385
3997
19531
5185
891
2207
12309
19097
9253
18521
5259
1365
8089
11511
19069
19825
15785
16001
10763
16563
2001
9709
13865
18445
12515
3259
17053
13609
5679
2885
3137
14215
3917
3791
9387
3473
17377
1049
1541
4117
957
125
18117
11207
10383
10319
457
423
767
4401
4075
17555
6125
16649
8381
3331
8801
14271
8119
10627
10203
10549
18739
2421
16637
5909
2405
19497
3991
15361
10399
12171
2337
11705
7979
15243
10941
16261
14815
3841
11349
8267
16351
5095
17329
12385
4043
5231
10321
7813
5705
17417
10149
13827
16165
9847
5129
11911
4125
6775
11785
1803
16845
13779
5415
5145
11
6557
13145
11555
2379
1393
9971
14783
3409
685
5009
13619
4203
8795
5267
16245
3303
1581
17513
11007
17839
13359
4261
3651
9173
12817
1035
2077
12781
4295
2643
6651
919
13035
8587
16819
4001
79
17339
18441
6657
981
11751
10139
19303
3727
5377
11863
14959
19315
18107
1093
5743
2163
7329
12661
18563
10793
9157
11413
17049
8405
17233
13253
4129
3757
9559
17509
4463
17943
1309
18831
3765
1379
19389
7753
14861
15129
3249
293
14629
5727
16257
17591
15189
15487
16241
9953
10697
603
13237
3709
10337
19943
19489
16585
1963
4005
5473
7905
8939
11205
9145
17057
6663
15819
17959
11273
557
5015
9285
3749
16499
1175
7093
18509
15757
5623
14627
13819
16393
3187
8787
12931
8289
17271
19565
16941
3361
1317
3787
15317
18925
1591
6609
829
10869
6791
18267
3741
19519
6887
2799
2051
15185
16337
13225
16849
3159
1187
13499
14199
11237
19127
10179
16355
7455
15653
5515
2629
263
16749
18791
8589
16739
4961
17691
6259
1875
11081
12069
7697
9349
8569
12455
8115
4741
17523
2933
6163
2189
14985
10789
16623
18605
12819
8685
10431
2829
19837
2149
17173
2449
7305
3471
10091
10251
2717
2129
6017
13969
16079
18293
5625
2135
8919
14995
525
6003
15987
8015
18857
5503
4211
17521
14117
9927
14719
9941
18383
2525
18671
14941
6509
17829
6731
17991
10805
19129
1281
10785
18569
6797
11427
13699
709
6287
19145
1459
2837
6795
4671
11165
15021
12097
7609
14477
10427
16459
12511
985
1837
3311
8033
12631
1429
16619
13959
287
11129
4169
16067
347
19953
1209
7193
2161
1091
18775
19835
13729
11433
7315
9957
19399
17123
5861
16209
8369
3779
18835
11195
18381
2309
2915
1319
1781
9091
3861
2811
7849
16405
7313
15777
2999
17847
14511
7417
16811
18127
4365
5889
13711
3601
245
1787
4559
7997
1615
3669
13199
13469
815
9083
16301
3635
14331
5245
1825
5137
12041
4417
1579
6185
6745
15139
7673
1727
18825
3069
18053
59
13251
4135
5057
1157
14435
1337
4845
13907
15833
11495
16487
9865
16693
399
10711
3655
9193
11331
1109
15489
617
17181
2039
14387
5061
4073
9185
18237
6193
12599
379
15901
13921
10679
18363
9815
513
14091
8995
9985
18151
10299
4105
18795
1969
2957
5413
1815
16733
7933
11005
5195
11531
831
6517
10633
8149
8891
15257
5075
1381
9795
17905
361
7793
15579
13631
11193
6321
1911
4877
10561
13675
1645
887
13585
19901
5703
167
8789
1257
9151
8287
735
9303
13637
10335
2227
623
11185
4797
18983
19381
2835
3063
4949
15625
19405
7269
18721
10267
3797
4109
14977
10923
4369
12425
2709
8495
4565
6085
9071
7641
4815
6533
15533
9297
3959
19045
12505
11131
6627
18229
18805
2585
14849
12407
7405
18649
9551
4799
2367
8013
10643
6067
3977
3217
6039
16349
19269
6073
8103
4693
12665
14221
9333
10791
5123
6995
16481
8473
6217
12925
1823
3975
1739
12775
4751
19525
5311
18199
4605
1425
19137
2619
2265
3327
14259
413
19973
15899
14931
4103
16893
9017
17967
3595
6877
14337
8731
13859
1891
14609
7231
10195
643
4979
6417
327
335
2387
873
5105
7419
12531
965
2575
4209
5523
15285
19255
14657
1407
7059
18783
12995
18423
17447
2281
7335
7647
12371
6147
19511
19005
16493
2607
6751
19513
7699
9979
3943
10145
14645
7267
9981
10349
16927
18837
11009
9365
18599
17439
18655
16925
14777
6677
10541
12103
2847
19849
12573
11161
6725
16215
10151
12307
13361
10629
8357
6585
14841
13281
13759
5935
15521
2273
11873
12377
5165
2121
11447
17699
9299
18321
3863
18647
4279
18573
14537
2243
877
5249
10417
12151
8863
14549
18915
14151
6071
17921
4777
12589
3319
6997
6121
13671
12791
12099
15001
17025
19075
16053
16369
2327
10743
12717
3931
4171
14925
3431
17601
9341
9679
6033
16985
10947
19243
4053
7029
11145
7951
4523
12967
8711
1515
18699
16751
12709
6393
6207
6935
139
37
13065
4267
6465
19573
8199
12025
4975
12305
17005
5045
3227
18437
11179
3509
8727
4011
7379
9893
16155
19991
17985
4159
6283
13129
389
881
6335
5263
3437
16231
3715
9619
4139
12463
19683
2021
16899
1089
16987
8723
5893
17169
239
2977
3981
7819
1959
16605
1129
13233
5203
1391
13207
4731
18953
5749
10579
5693
3029
8899
1741
15839
8619
15445
19757
39
19013
9409
19761
18691
19033
14865
6597
4453
8793
18919
15053
17655
16645
18859
10033
1007
10939
15817
14871
8123
5615
13503
825
711
8341
415
8001
17285
5187
3771
17741
17901
2047
7043
16883
2951
11991
19577
3079
10835
15349
13577
14975
10525
6183
2987
6873
1855
19843
5183
9993
19743
18617
9143
9043
15387
7639
2963
19713
3905
2731
6709
5087
10831
14051
6049
13823
10877
6015
4939
11435
9673
15993
5343
1137
6331
13551
12831
19815
13845
7489
8849
19325
5371
6515
3591
19023
18337
2801
14673
14771
4495
8145
4637
18331
121
13999
3427
9463
13259
15597
13519
855
6907
19301
5101
1163
14363
6199
16203
3117
4879
10745
17909
9123
4791
14685
1247
4061
15835
1103
12159
5315
19689
903
1507
12295
19113
19453
11737
3279
3551
16269
12641
13713
8739
15877
2921
18843
19257
11927
3527
18709
12591
8235
9789
7265
4953
11609
2757
14191
14715
18375
15763
5175
7563
15741
681
6981
18645
13395
1827
6373
10133
651
7055
16465
17875
19693
5773
10817
16721
14321
15651
9995
6427
10353
17565
18665
15559
8037
15405
17239
18515
151
6435
13455
15161
7701
5813
13449
17973
8873
851
5649
12101
18785
8677
8003
16597
19649
10707
7065
7041
2761
6157
4667
7275
51
14149
9523
15015
14869
6767
11171
14689
7027
9393
19245
4753
12173
18079
14897
6101
15375
16229
2095
2673
1841
8645
15719
9625
6409
18041
15023
9363
7713
9691
355
447
15287
11547
14947
2563
369
18197
7039
8335
7485
8133
13483
2859
19775
4041
19833
19367
5963
16469
10667
9817
4993
7113
15027
17659
3549
2457
3883
5549
445
2715
5561
9967
13025
8749
14045
8911
1899
14143
4067
12569
3001
7531
6041
11391
11021
12253
3149
7491
4225
19131
3561
19395
4183
2689
10875
17837
3643
1605
10141
5605
16235
299
18549
11079
18111
12593
5917
6571
1047
6087
15637
18799
19747
9875
6117
15843
8483
11789
589
7359
6519
4019
14281
11723
7825
10015
5569
19677
12403
18797
19383
17595
6747
11099
12871
6615
18863
10929
15177
19735
7871
9319
1637
17559
12301
1121
17831
12829
17101
4101
18001
15419
7683
10193
9161
3225
9037
1173
17689
8921
8151
5161
6623
4775
11211
9991
16847
15225
1847
14251
16273
3049
4345
12693
11877
9153
6151
8511
19215
4871
15627
5927
8607
15875
16639
5405
7363
8513
7907
15649
3657
1503
6161
17841
8275
17933
8391
15187
11465
12615
3243
4093
1197
4697
1663
17961
913
5521
19669
8187
9921
7921
17363
3671
12021
8399
6129
11779
16505
2605
7425
9887
19627
6559
16027
10121
14595
7643
7219
12879
5207
16549
3293
12107
3951
1681
3523
13687
11329
14319
4761
13033
7565
18251
2123
661
11523
8111
4729
4655
345
9015
2399
6527
5739
8107
6459
19769
14599
19373
1123
10963
8701
14733
6011
19711
19877
11231
1335
6297
5993
2863
16553
7715
5067
15195
1479
9897
10557
19563
14527
10837
5921
13045
10365
1081
14795
1831
6167
3627
10309
5869
241
18185
11481
4303
18317
6457
12117
7187
19773
9379
13373
6543
7707
10495
10233
17367
16873
7033
4767
3707
17427
3809
19111
18433
13923
8885
5257
4531
4071
9771
13793
1499
8949
7143
1967
2377
1203
8621
15383
7371
2521
3373
11283
3513
18733
10475
11107
6005
155
4567
9657
4851
16089
7179
8477
313
3567
6389
5449
11901
527
8781
6885
3969
15175
3393
8783
6629
13491
6729
10867
8323
11027
3033
11287
2817
9039
8493
6587
1069
8861
1077
6945
12983
3955
13285
18891
10185
1549
2519
15503
5031
5617
11781
19679
10977
13895
7071
8443
18985
17117
14593
17723
6637
16195
9857
13505
15205
8417
6079
13107
9289
14295
14163
13061
18339
7703
16087
6835
869
11673
2351
19555
1371
1473
7937
3823
17843
5019
7835
4983
10327
15553
6245
3383
8045
4657
19549
17789
4997
6643
14057
12031
10357
7763
4421
9651
19267
5269
5419
19539
15145
187
13629
1513
11321
3803
2215
15077
9899
9639
13691
9643
2363
19413
12761
8445
8465
5979
5877
7367
7175
397
14589
16713
1237
18683
1521
18193
14659
101
5801
16075
4413
17923
9879
17097
9519
13231
19027
8641
14709
17069
8441
19443
7845
3067
5699
16871
4589
17203
6563
17805
5349
2549
11267
4609
7543
6913
15259
657
8747
17073
963
8469
4855
2117
12329
11571
11885
5665
4661
18045
4015
1817
16747
1347
1133
18737
9649
4721
8721
7637
6903
10847
6089
15319
14397
14013
10473
16343
9229
9139
4297
10747
15773
11019
6549
4711
13783
8877
3281
12229
13039
16299
14837
5507
12647
4659
21
15541
4255
3385
7007
8489
12091
4009
16933
7869
4347
4745
3235
14055
7705
16507
5587
2067
5049
4099
2187
10061
7463
641
833
13991
10717
8425
17135
967
7749
1903
1421
5609
9841
6705
7127
953
11807
14499
7271
9813
4199
4891
17637
1461
17851
367
16319
1873
4155
15241
8427
2989
9703
17525
15561
6213
4003
16383
13743
951
6449
15847
7657
3009
12767
1869
4047
10691
11077
6929
14489
5127
10735
19967
17895
9757
7665
19643
3329
9181
4039
2547
4689
18755
7253
11059
2451
16729
19681
12601
8127
6611
5303
12023
19981
4447
11351
3979
15165
9317
2501
18099
9633
2059
6701
9919
9273
12517
19755
4385
17997
9459
5335
6525
10407
13115
6291
12127
11025
12401
2055
11421
6757
8745
649
19393
2883
11583
7095
3775
13185
14881
1981
567
2177
16095
5933
4489
16903
9513
14175
11961
2133
18489
11045
10651
7157
1307
8813
16771
18249
2317
19885
14237
15873
14167
17863
11001
53
13677
10725
11439
12261
10631
11375
2407
17281
6853
2841
16787
14157
17035
19455
14419
10949
3877
8957
11539
16397
10165
5255
18969
2807
9329
14699
5443
11743
14049
18395
13403
2531
12449
13155
18989
19087
9093
17243
1661
4375
481
10653
11213
10027
2127
4957
5083
13125
7423
15269
19385
8057
9597
18147
3391
5767
12423
14411
6781
2471
15467
9063
2225
303
4289
6305
10003
8705
16513
17027
15775
6555
3933
3021
9881
3659
6047
17163
19831
16085
2569
8869
7295
8189
15397
15479
9077
12929
18165
997
14309
14247
3489
3017
4613
9951
4547
13697
4467
4111
10153
3801
17263
2269
19977
1015
14311
13885
8993
12611
17783
7123
2593
3569
9555
3745
3769
8135
1603
5265
18809
18037
6645
19213
4887
9781
3295
19993
19281
8401
12937
19903
15693
12013
17645
13593
13221
6369
6727
5475
551
9105
3839
6241
15459
16105
4429
5761
6833
15895
18581
5945
13873
8603
18583
6405
10205
19663
911
16667
19559
9725
14583
11875
9751
859
3843
13723
15657
14487
11939
3687
18361
17443
12821
7747
8095
16663
9159
17639
11357
11965
8903
11819
3639
35
10807
1449
503
3309
14169
14833
2261
6565
7589
5393
16687
19321
16571
11407
7147
2627
17821
8761
13747
1009
1707
3115
17849
5815
17345
3963
13165
9571
15771
12453
12705
8691
1765
5457
12737
16243
2315
9987
18545
17743
9335
15887
1377
15013
2889
311
7521
15865
12711
13899
13137
13539
13335
16473
10387
6461
8897
10409
8561
2239
4863
16823
9171
13467
19613
17083
19929
12915
19665
13421
17275
15109
11537
10695
1053
17619
10143
18035
2533
17481
15251
2459
505
8031
12461
10313
1185
17883
6793
5567
193
9113
19675
5177
1417
11239
9905
10289
15989
18867
8109
16575
10025
16307
9309
15337
19003
5941
2851
9637
18823
4405
11559
17745
6001
5807
3143
10503
7783
6889
6847
16213
15119
6573
11953
6281
10519
17497
4143
8429
3921
719
2101
1465
6267
5385
14853
15683
18435
2589
17013
19379
12415
9373
18813
13191
2401
17711
19959
16179
13019
5671
16303
2011
7201
9671
16451
13825
6189
9381
14503
18511
13163
2205
15701
5059
19329
883
2789
14277
17643
9059
5725
14635
3169
18129
7623
16707
8777
2767
18365
15365
4181
7241
5977
4763
18477
19335
7775
16521
8741
16931
8973
11639
65
6423
12351
13607
10781
8475
5803
10851
8299
10507
5765
6685
7159
4141
19897
18741
1887
6273
755
4525
4201
7681
8609
7307
4371
8329
1685
6181
11261
18821
17421
2075
17179
5959
1511
13419
18389
18615
7183
6975
3141
6653
3703
6613
18219
17571
4673
18999
3913
15213
13349
4973
10617
19957
5557
18059
4107
16331
18243
11551
18851
3947
16221
17453
19283
4717
17549
11217
7025
11519
10183
2555
5539
3163
4999
4239
14517
17449
4651
3891
2539
1545
6869
19071
7283
16389
7083
1895
8633
501
7343
3395
11855
16657
16577
18121
18483
797
8201
6415
16359
13653
16069
4569
15723
13327
1617
19073
16031
13471
1369
18329
6059
17913
4691
1339
18153
2791
8281
12603
5147
13161
17349
301
12047
18141
10527
933
4115
18815
2917
18865
15571
17747
7887
12193
1107
9235
7879
19911
9023
233
2199
1033
15557
13
8273
545
2013
15457
11149
1719
4097
19039
3693
1583
19441
9403
1443
17717
321
3577
7439
4857
11793
3899
221
14265
17543
14125
9421
5417
12623
15619
6809
17019
7731
5363
17983
1013
14703
9115
13489
6391
5055
14769
10245
8221
9837
8599
6485
18525
8531
12617
9739
1885
4577
9761
4049
4149
441
7005
231
15949
3005
1127
7415
5849
9207
7619
587
4951
7403
4549
4885
16107
805
5967
14255
5541
14467
16021
18459
1333
7297
3397
2745
2747
12089
8157
3195
6511
13727
8805
2369
8833
17915
3587
16525
1329
3543
15071
11459
18601
6379
17771
1269
745
273
18517
12201
18009
4969
14181
6265
5241
7525
4419
5713
15601
17155
6813
13735
19509
9353
8363
17761
17071
1833
14399
2905
12111
7457
11423
14113
14529
15277
12257
1877
2489
14299
7221
6201
15235
10545
837
17873
1965
11117
6827
8063
14767
15807
19945
15247
19171
13659
17185
16409
10429
18283
12699
18575
12639
4821
18225
4947
11109
4823
2779
19891
14809
827
1985
1533
4397
8279
2217
2639
10481
1437
10131
3171
9779
19153
18855
18677
3957
863
6837
17975
949
17189
16943
12001
7755
12733
17391
3429
9891
5465
3209
10569
10077
8081
16347
10749
11373
17731
549
5595
17401
123
5865
12129
12625
16791
6363
14177
16407
10925
5421
3729
8851
13929
4923
12143
17375
3907
17823
18401
16835
17593
12485
6915
16059
18013
7733
19295
1933
12839
13389
16489
13341
12887
8403
8597
8539
14601
6235
10757
7797
3965
15567
14019
12547
13493
8249
5213
9933
2515
5439
921
8021
19839
15217
3783
2551
17393
1491
9315
9945
12119
17009
6735
17337
6225
8565
18277
19871
13951
5579
4759
8439
17023
1079
2983
17273
3007
14707
14291
18591
843
6671
615
2063
13595
15549
13339
83
5471
11797
16769
14807
14737
11371
10755
17007
4177
13343
10361
4965
12245
15519
8797
15739
8077
12325
14913
7777
5639
13787
2581
1747
11589
18531
3125
333
12909
11677
407
18479
1139
18205
17199
7361
633
13555
12859
3417
6345
6219
5575
19765
19363
1463
339
19417
6063
17137
19737
7257
8471
13297
2907
10063
2497
17517
7883
4995
7497
6771
2463
5455
15481
5447
16755
11579
19923
1289
19985
4087
9355
13881
15335
205
269
17307
3425
2711
7481
259
9939
6943
16655
7517
15307
12421
19167
3747
11141
11679
8247
2813
12789
215
2153
4055
19485
6441
11845
10901
6849
3485
5211
7473
19685
13173
1879
14789
3631
3401
5855
5293
3539
13257
4707
5247
17807
1611
19431
9111
15273
715
19759
8517
11121
2057
3011
2311
14273
7691
11759
12965
1805
5981
5133
18475
19801
2195
10499
5675
15903
8243
10437
13655
209
3915
18051
8643
16051
19633
17777
3923
9305
9877
1893
7037
2347
7395
5229
11775
9747
11471
16199
6139
3603
5565
7101
109
3055
12215
6473
18021
1929
19227
5975
2251
4399
9763
13293
10739
3349
3053
5389
10031
3299
4615
10243
5141
18397
17159
12895
10585
1345
13867
18353
2157
7381
7245
5817
8733
16295
14507
5163
8985
17483
3321
16391
11497
129
1287
18507
14779
15199
9079
13169
8257
16777
14717
12719
2943
19909
9687
14275
8799
9491
10089
429
14109
12975
10381
4915
8447
5823
10911
12399
10971
17015
2955
7121
6149
3645
7551
103
2009
18899
8501
14989
18751
19925
1199
1469
10013
8629
1131
19749
6323
2937
10017
5527
15471
19581
5139
4291
17463
16043
7479
3723
19121
9183
16081
15313
12847
19331
1871
17633
7509
15973
1585
16741
6249
6359
18501
5529
3941
11319
4679
17899
12543
10311
12945
11565
6589
13101
13243
12231
835
19469
8231
2867
16177
2769
2631
2721
8379
10021
15745
12981
18685
13475
13973
7863
5001
9087
2553
9711
4379
19159
19927
7611
11631
10117
5689
13477
10259
10611
6327
8343
18707
7499
9429
10685
5983
7995
5025
9521
3003
12507
2097
189
5735
13741
19875
19475
10531
9217
10903
10493
10931
17499
19307
6683
2509
7471
17131
3123
10103
4327
12259
9437
8191
7427
14829
13633
11929
17773
8251
197
10471
7583
3045
19629
1419
15171
9533
7947
18533
8843
15367
16327
9507
12331
15783
13617
5169
4705
2875
19975
9529
18399
1863
18139
5737
19119
1485
10221
13879
19763
1213
2423
13037
249
2209
18039
517
6141
17489
4561
16831
337
7223
18271
12525
15469
9965
12513
13809
15997
8355
6539
13011
12355
593
5225
12627
19041
6851
2333
17269
15299
3911
19139
5469
14429
11503
14211
4245
6231
18179
19249
10497
6029
10681
7719
18623
7745
2335
16411
5221
18717
6965
6621
18385
18993
15543
13431
12803
4113
15721
1115
5073
1757
3087
4765
18871
17291
16139
15565
16477
19365
14851
5301
6105
7397
753
13347
19065
10771
13457
12947
16193
18769
12007
1993
1865
16631
12313
8259
13639
1311
13853
16375
12323
10827
9943
5309
7353
12135
17787
9853
2603
17423
16611
16169
15685
3817
14443
6133
4867
9733
14127
1375
5939
1735
18911
10171
11791
17737
19289
4913
12893
8823
5431
14229
19501
12635
693
12271
13119
12073
11997
8313
13307
10019
13645
7597
12865
7635
10595
9831
177
16965
15569
16691
8601
4987
16151
4635
18371
18909
1659
19557
11317
7069
15037
11769
15727
12363
15691
4501
4309
14007
5819
8865
9663
6353
2389
19729
12263
19401
13171
7929
15413
317
14161
6759
6737
17539
17625
11903
2257
14997
17693
11397
12901
9999
1975
1531
14621
10539
6399
19085
12957
10339
3411
8233
10295
153
12343
14831
10161
19631
7801
12183
12519
9067
3831
12529
5879
1161
16283
12027
5079
18449
12771
11829
8729
2803
8393
3849
8075
13535
8583
10943
14285
13179
10375
13581
3185
1145
15859
16855
13681
6765
19419
281
19231
8665
417
18259
5131
10227
3685
17811
283
18977
8269
14555
11389
10367
13241
5451
5999
8071
3085
7247
11401
19197
18417
4829
6523
19741
10533
10347
2759
10605
5809
9955
3897
4647
16293
5633
16753
11339
15511
10491
19853
19931
10863
15577
2927
7789
4017
18261
10439
10057
16613
5487
15073
5961
7999
8975
10815
3835
11071
12501
261
10591
13983
11197
12605
6397
15767
4921
6991
14547
4509
5355
12429
6939
3519
11047
13569
315
17209
6303
17341
13749
10589
8321
18161
7761
19465
751
19535
11031
17667
8177
18413
13553
18071
9629
1165
7031
10455
9007
11995
13239
15971
8373
10779
6593
12187
11289
14293
14001
2823
14825
15167
14613
14885
4079
10053
4499
3237
14933
15845
18789
12077
11411
3529
2329
9155
7413
16025
9535
6911
11623
14971
12163
5789
5509
793
9011
1073
13767
11227
3869
1775
10155
14901
16975
12029
5513
2975
4773
7495
13219
18309
6311
17317
19279
11521
14623
16101
11985
8825
15301
16949
13365
591
7779
4223
11853
8989
17799
1433
5107
13089
2725
6707
10435
18917
3479
2185
19055
11489
4025
6377
7469
18579
4091
3733
19095
817
4331
11865
14473
10813
11057
14581
14725
3873
10647
14785
16673
15587
13533
16403
7505
12447
9395
16497
5821
17157
17195
10737
18975
14493
18943
18981
13587
14797
18429
12863
4359
2083
5033
5923
2543
12057
3973
14981
3665
10645
769
10135
665
7233
2625
12579
15493
14899
15925
6787
17969
13985
10377
19583
4163
2499
17347
8913
10777
12009
14551
17109
18935
18345
15871
4683
16817
17979
13745
19905
13317
14617
2231
13271
15717
6601
7965
8091
15955
10247
10235
4119
11919
9961
19359
9549
4479
15429
4095
1085
9583
12209
15779
11597
18761
4281
1613
12451
5253
16851
14693
10055
861
5435
1397
19047
14329
17431
18167
18893
3487
11183
10405
9249
3297
5911
11111
11437
7013
2287
19955
1313
12953
6319
11271
19223
12189
1299
4259
9579
2981
10705
271
16617
16029
5805
4165
7287
14087
13123
7047
19263
6275
7723
387
9401
6723
8579
15551
5037
18941
3825
6367
14539
229
9681
6803
2755
9439
12487
9829
12921
11613
18343
11821
585
18083
12923
5751
13447
14879
375
6711
14449
11097
12989
14819
14979
19881
9405
12333
2959
15117
419
7727
10811
11087
5597
10733
18661
16495
13411
12555
12689
10509
3061
12165
17051
13427
18027
17987
8461
8411
7383
7925
19233
4985
7407
14687
4493
15641
18181
10997
18711
4869
807
19323
9577
16427
2797
14317
12741
19971
9487
13445
8541
12011
15315
9541
5223
19237
14681
1279
1635
5635
4669
11585
8059
2973
2137
2887
895
7615
13245
14519
3203
18553
13965
4249
5077
10461
18069
2845
11575
19625
18773
5167
16915
8507
16545
3353
13487
11895
16267
5853
11951
2657
14185
275
8557
4783
17617
3205
19079
7743
13547
15271
10821
10385
10601
12289
8195
17853
3983
13615
3755
13067
8217
11959
4649
9785
19337
11607
8901
12701
2241
11657
13829
9257
13795
4197
1427
16491
9189
7203
8831
16041
10359
10305
13423
9883
1955
17557
12413
5201
2053
6937
17103
10123
6769
7941
5233
2793
19429
3751
16357
19695
15261
6789
3157
11987
1037
16897
5915
13709
13263
18149
319
10599
4931
4497
801
8613
4229
597
6843
1791
13175
19035
13927
3389
7853
14643
9187
5723
9397
13651
7893
6043
9097
93
7961
18603
7741
5537
7591
15803
8113
9935
9911
19343
10071
15659
8667
14107
7365
11979
10577
6659
5261
19575
13197
19147
11073
4147
3405
11709
16991
8965
14859
18233
17091
5519
4743
10369
7773
13649
15751
9845
12095
13153
1001
15681
9741
17457
13869
15149
16977
6013
11467
1977
8185
19103
5199
16145
19483
18125
15497
909
11403
7369
18689
2567
8887
3497
15233
14423
14743
9213
16621
5683
18987
12085
7169
9715
13479
8841
12837
19123
14027
5863
6137
8791
5655
11173
11659
6667
11745
19155
15589
3449
14401
5463
11023
19545
10641
18667
757
19999
19543
11259
11085
11441
18061
1633
11701
14083
17197
12973
16057
13189
16959
2151
11739
2079
10479
12991
15743
4883
14141
14085
9269
14225
11429
9101
2159
12427
1733
12855
3153
13117
225
17957
13387
16709
12687
9089
2529
8339
13319
7131
13847
12939
16983
9863
14553
17953
3971
969
18897
17379
16455
7803
5379
6521
8871
1405
10079
5381
9061
3113
17503
8923
19917
10007
857
2025
11693
15855
6309
9809
18415
10097
4465
15531
1467
2909
19265
9065
17583
16123
5401
16035
565
14373
17261
3183
13409
6499
1535
17673
11917
11553
7015
5237
8131
19813
12607
14451
5171
9915
11573
15133
6831
19697
12335
19883
11177
13611
10887
18635
5239
435
17279
16157
6953
2017
9823
2253
11569
13717
14145
5337
341
3101
6687
14531
6883
17369
6779
10723
1351
3019
10517
17093
6075
6455
19285
10051
19617
1297
16125
16567
19051
1997
1303
12987
2853
15747
15947
8009
2861
11147
2007
16033
17249
17949
12951
17021
12239
18373
6109
13597
18203
17563
15591
18505
9005
2753
12765
4907
1987
11541
17479
14303
9749
15957
11507
15999
15443
3105
17089
4699
6247
6155
11957
10953
14781
15051
11469
16379
18163
12373
2285
3881
411
17225
3683
12367
13525
18763
10419
11247
13095
14563
7901
9129
10127
1589
19873
9589
3511
4627
10075
5793
19503
10285
9801
8905
135
4307
13893
14453
18113
3377
9323
1995
3553
18209
4425
13205
15069
1105
14631
8455
2843
5903
11799
16535
2671
5895
5289
13097
3359
6967
13003
10609
11325
7911
16365
16501
1763
15245
5881
19655
7483
10351
7847
6823
7177
581
9595
7003
14485
10113
8991
14283
12739
14323
14121
12919
18481
15281
8435
12801
6811
14063
9301
9627
9219
19125
9963
14379
4571
1399
17079
5339
3463
16697
10961
999
12783
991
15475
10839
15231
8159
16607
5847
8707
537
14721
10099
6057
15951
3271
3653
8547
13953
8855
19709
16519
10341
12757
4703
2349
6921
455
737
11381
905
13739
15609
7567
5003
16703
14383
8431
4167
15323
19921
18473
11727
7855
1939
14863
10137
1495
7529
6349
9295
15581
18093
5283
2417
18073
8377
8679
18273
6845
15633
12827
939
10401
9243
8907
18747
1501
12581
7523
3351
8999
4787
18529
1689
9019
17935
6239
14661
1505
19053
12003
15615
2579
7655
17903
2211
16695
17017
14131
16325
4587
1725
12557
5555
10173
13905
18341
15113
15237
16005
8215
17677
1971
1101
8617
7347
9609
15617
1713
10891
8487
16377
4231
7973
17045
11715
2697
8229
18499
8937
4065
8979
2381
18393
14195
13429
19409
15215
2303
10669
6257
13001
11127
7695
5731
297
18159
3133
18075
14775
1699
9719
13413
8349
17661
10881
18221
7553
4619
117
845
1387
5637
18619
11395
15385
4809
9073
6917
10207
8423
11307
3407
5781
915
14071
19751
15891
279
9659
6325
13567
12745
12179
10857
16759
13887
3223
8821
1631
4665
265
14297
19707
19937
3875
9343
14671
16037
6053
13151
7133
1231
15425
10529
16167
1055
19717
12695
8697
329
14079
10047
1113
12303
12265
9499
8925
9803
11747
7079
8673
3285
14257
3989
12753
11155
11139
16921
5043
4937
15879
4991
12943
12439
8067
11731
5711
11577
6153
10671
3889
18497
12997
14799
2301
12675
7559
3121
2947
7815
4033
7087
14481
18407
13937
7677
12787
8611
12727
11661
17605
19753
1373
13141
11909
9827
2361
3987
15801
18087
17077
19687
13269
10215
13957
14081
13891
13083
1919
16171
13255
15495
8437
3215
2537
18031
6279
7959
7557
18017
15583
12161
15781
13679
18657
18869
15339
13383
18895
12561
15491
9613
3691
7035
14147
18971
9689
6113
467
19615
16569
17825
10355
14615
16445
9135
7465
11083
4035
17859
17121
7349
6123
7729
9209
491
789
2701
1023
14495
11941
107
6575
13989
18571
14945
17971
9279
2583
8097
11263
9677
11529
16117
18019
11729
4677
7237
9869
4811
13267
17335
16587
89
1245
2833
18133
14171
3335
14447
10603
12927
8169
10613
14695
18653
4077
15057
12411
4243
16863
11949
291
5543
9821
11835
16109
6553
9109
14365
11981
4343
9377
7447
19865
5347
3499
11315
19275
5227
13531
15631
3047
1693
17047
10873
8753
16743
1973
19653
9969
11849
13041
9345
10445
6385
15507
19207
2385
16289
1917
3097
6097
7115
9949
6019
71
3139
9669
15485
11203
8029
13273
5047
7631
7841
19809
9293
2825
2827
8879
11269
2103
9661
7895
14823
12539
8525
2479
4157
19181
11285
18103
3521
9413
11879
18651
14403
16467
10883
17977
475
10975
17695
18829
6437
14133
16675
15437
12499
7151
14961
11277
2313
9425
6127
15639
4353
16859
6957
14525
5901
6195
6567
14219
13355
13375
19969
12587
17683
841
629
11383
7137
15059
3999
11013
16909
16763
15645
4059
18777
2681
33
605
3305
8007
3457
10325
14585
11443
5313
9119
8927
11069
8193
10275
18357
9433
17397
7053
13897
13515
13541
10995
14033
13157
19551
13091
6503
1945
14035
6299
12409
203
1761
18811
1141
11233
395
7923
12443
12181
12549
15411
19933
9917
7991
3953
2997
16653
16323
10951
6947
15585
9121
8245
19247
14105
10775
13309
8137
6355
12299
18749
12459
11055
9769
15713
13013
11049
14639
13943
16767
8535
181
81
1809
2659
9271
14787
17493
17333
13391
479
11041
1189
19017
6333
16533
4601
15849
19899
4319
12037
16373
6315
11977
12133
15977
12139
8915
11695
1363
11881
11167
3717
10373
13841
14359
16939
7939
4963
8317
6871
1593
15913
12851
13781
1595
8659
5179
13667
1149
5851
5897
13693
17941
7633
17607
19533
10907
7737
4597
13193
16827
6605
9767
2065
4919
14067
10871
11711
5949
12115
17221
19601
13069
18157
2891
15505
10107
15525
6031
8143
11225
4471
10689
6897
3725
12393
8503
5017
16083
18611
8967
13215
14139
3777
927
9313
18265
4515
2105
3525
14711
1821
14095
11037
5085
819
15811
15067
17891
16793
235
11505
13605
10909
11405
2615
10229
5181
17519
16923
14315
6899
18567
12993
4881
8407
9197
18781
7503
4045
4903
16387
4431
14103
10415
17701
6505
19253
9745
7875
6083
10665
17871
12195
16765
10515
9481
10059
9263
8969
12419
9791
15147
1753
6799
11477
543
16599
405
5345
15029
13073
7585
2545
2661
16661
4581
16429
4275
16395
7957
7429
13109
2073
6065
17735
15725
18411
983
11619
2493
15695
11795
7099
17231
17451
6577
16913
2175
4285
19427
10615
4675
8129
10659
9753
11279
9453
19587
11219
19495
17205
13249
13715
3541
12785
4735
14605
8367
18555
9907
4713
17177
12563
15041
14375
15143
8121
4483
1653
2015
3239
17371
7771
12241
8757
19357
8239
18303
14183
7587
7817
5745
1039
9441
6951
3339
5947
5613
3585
17781
5843
15733
7389
16315
14263
4205
14667
9701
7757
12269
19351
15857
6413
8867
8683
14471
9237
16879
5157
17133
7173
15613
7263
19949
5867
2355
13909
2221
4585
12845
4521
15141
5285
3939
9245
11281
1853
13821
14417
15573
4941
15329
2663
1233
19867
12949
6895
18325
10879
19157
16361
18101
4641
12971
8265
289
18327
15295
12795
16207
19305
12155
15203
11091
17567
10303
14505
12213
16603
5369
15033
13265
6407
2705
11831
17703
7109
2613
9021
1003
13149
7545
4805
19979
17211
16265
19411
4695
3573
4265
11535
12437
15513
8509
12779
10457
19143
11103
6989
10935
4459
10085
2941
145
6941
17739
19403
14457
11209
15197
8505
1119
13917
6173
8553
1835
14571
975
14333
12131
2679
15415
16071
2477
16635
8769
6879
17835
13911
17989
15341
2447
105
8637
6483
14343
5497
13967
5531
15815
17147
8669
9461
14391
7073
3325
14735
15851
18991
6143
1271
10677
1607
8963
16953
17293
17795
14305
16595
19515
13707
10255
7593
14233
2985
2925
2415
14069
19541
3357
12277
16449
7739
5757
17687
12977
11417
10105
13313
6977
11075
4831
4517
13139
5197
4187
11787
16073
2191
13121
16841
917
16371
13571
11647
3743
1563
16475
4299
16441
10581
879
577
19193
14459
5089
17663
6233
9455
9147
12249
9553
1235
19731
9247
10905
3575
4843
13961
19593
18307
12175
14723
16659
13683
15163
18537
17705
12553
12109
5779
9901
11665
17037
6901
13399
9225
7373
5599
15909
5189
9873
16143
13111
4505
18285
1979
14061
9631
5321
6817
19845
15249
1251
611
17241
18659
5883
16581
15453
11621
3229
3851
8263
1239
4511
18577
11257
12731
15039
19547
6081
3369
18421
9567
12867
9165
8227
7303
12477
3451
11761
13963
5307
15265
14903
7331
19177
867
12433
6433
15373
5571
8311
6025
3421
2897
13627
5299
12861
16625
10187
8809
9913
18757
11637
17537
10979
3579
9195
12541
5397
1353
16917
12291
4645
9275
11817
1601
8771
6661
1629
18905
14023
10767
16305
18187
4631
3375
9495
13133
2777
14421
19473
2511
17623
2139
5799
6061
6919
7711
2295
16149
13777
6289
12655
11653
19291
16699
2735
8125
7261
15663
2821
5375
7011
11735
7963
14193
18637
12725
18947
1641
10421
17815
9501
18931
10469
381
579
16225
9665
12835
19639
16731
1435
4955
7393
635
17357
16141
10511
18289
17477
8529
14545
19723
17259
5327
18211
13875
3495
18467
5695
16447
11813
14381
6607
7449
16683
13933
13995
511
14173
9359
18997
9383
16583
12793
8651
2167
8011
11135
12061
12545
13077
6541
5811
7081
15753
19479
12833
8819
13279
15275
12267
13987
13561
4441
923
12567
14611
1925
15829
7433
13047
16485
15605
19459
5931
12609
15621
5365
5837
17657
13229
12999
1627
10065
16205
9603
17939
13295
17413
3679
16833
7891
8675
3815
16967
3731
5545
2677
4529
5499
17399
14369
14455
4323
9031
17753
11669
18063
13303
4927
12979
13811
11163
1087
13977
1357
4457
7767
16423
1609
10639
13931
11809
16275
18235
5219
15289
7181
12667
11581
12083
3929
12961
15007
2695
13301
12673
10279
2271
9743
16045
6495
10413
11907
17577
15461
599
11509
147
2651
15321
14751
17187
9357
9203
6665
11409
2393
13353
849
17343
14021
12273
13113
18873
3533
19083
8181
3837
1325
13213
1343
14883
6755
18409
6471
14327
13407
11253
19635
19719
5459
16281
7865
9001
17251
14101
7953
421
1553
16127
1441
5477
7667
1665
12431
16077
10425
2865
5729
4063
11563
17527
12749
14597
377
15731
9311
8419
15055
11517
12841
18177
2573
8549
16559
6489
18043
18077
4715
17301
14407
3555
17223
5489
14313
16947
16135
1777
11975
9867
16009
14911
115
17059
10751
7889
5407
12483
19349
12743
11387
13079
941
16479
11137
2037
8763
15253
15089
1937
7675
11625
2723
19827
6243
14385
10363
17995
9175
13393
655
16807
13183
8775
14047
16689
10699
19185
3323
8709
10721
1207
19293
3089
18439
1143
6763
13871
18311
6251
5719
19225
91
6341
8803
1409
12811
17299
7475
15915
19861
6739
8687
16719
18957
2669
5115
7251
4527
2535
13357
19209
16147
15945
14805
7827
6215
9755
17531
18949
19721
13815
2913
699
15377
7339
359
3661
1517
4337
8693
19433
8981
1177
14287
9587
5641
7321
19889
2901
17119
17229
14867
663
16969
5629
6439
10849
3025
13589
17183
12255
18175
14205
10823
18503
6351
16895
6229
15359
16277
2099
14937
16555
11993
19205
10535
2323
15827
16973
14727
13643
16789
19537
3165
4121
16551
7913
12353
7019
18589
18701
1191
15333
9525
17113
12113
14761
19597
8527
8175
12207
14239
10959
7653
7759
8689
11595
2431
14565
6035
17647
16995
5091
5027
13685
11713
11921
10523
4445
18565
17501
9233
6365
12417
6855
15611
13015
563
19727
7387
5943
15389
19141
4085
12177
8671
11175
15431
13235
19569
4925
11327
16253
14895
16867
12935
19067
7649
871
4733
14037
18033
8225
2473
4313
9611
13371
5121
14967
11305
7209
6531
13975
19261
9103
8533
17327
5445
5791
12809
3697
5951
12361
19059
13289
17127
7621
10403
10693
10489
8767
12565
17621
19567
16111
18081
12637
16815
8837
14153
18195
4841
12445
11457
6477
18907
11133
11773
11763
2435
14325
17139
2283
19829
5663
1315
16363
19037
8807
15423
10451
2587
2911
7243
13485
9717
7461
10897
18535
12703
2461
19471
4945
5411
10465
17471
10915
7575
10945
8929
14073
7129
6971
3867
12039
11857
16417
16799
9973
15689
13397
9825
18443
11499
7291
15111
17597
13311
17865
353
14189
10829
7669
17111
10011
10799
11359
15263
43
6179
15005
19235
16249
14793
14757
19347
9903
15049
13761
4123
6209
12881
7125
4451
6641
15861
6317
18085
10965
16381
3909
777
13557
9241
18643
8457
7915
14187
2819
18609
16425
15325
15255
15087
2201
7421
4283
15291
1655
19445
18633
18347
4727
2931
9117
9885
14197
8835
1915
4555
15455
671
4455
13579
18299
10483
15297
5205
14431
16185
3493
14209
9807
3469
1255
6271
17141
14159
705
13275
6973
17237
14697
16457
4381
4519
5481
6741
2641
16189
14987
3111
3505
15227
2737
10537
16809
17817
5955
7519
7721
14017
18213
2413
17729
15107
5657
741
11333
7301
1769
8463
11635
8213
9895
17461
2795
12297
185
8117
5573
9843
19963
9367
11243
765
10597
14515
14803
8049
19919
8625
15421
19571
3301
12233
9055
15179
2635
7067
18463
1667
16297
1567
2305
14953
8415
1695
7279
17473
12093
18593
17011
16579
18015
7507
15011
9511
5885
13439
16951
19857
10223
18921
1019
17193
13733
18105
17785
10095
87
18257
7149
1587
13435
12685
16737
8571
13211
19779
9251
14663
15355
17937
6857
7561
19781
8497
12653
15345
3557
19585
9179
19049
9931
19021
14543
17965
19077
7867
15535
13063
13223
10969
18729
14759
18145
18607
6985
5709
2087
16727
17927
6261
5971
7205
12121
15125
7325
19989
13757
10547
13405
9449
6343
18461
6579
2805
2339
8331
10655
5005
8593
10283
18301
7735
18487
16963
12751
15687
7935
5763
5013
16745
6693
10683
17603
4551
7595
9435
3597
10587
18451
14559
14891
14361
14395
9983
1153
18765
9465
19941
555
14577
7281
16723
5305
12683
171
15647
9861
5721
3795
1229
19671
16837
11561
11053
14227
16989
1953
7153
5367
15017
15795
17665
10635
18853
14483
18639
10129
15931
9697
12341
8451
12405
3531
14839
13367
11199
4681
4433
17641
5995
11369
1807
5275
15941
9485
12319
1277
18279
2091
10853
19859
7945
10505
14339
16065
10899
3649
18559
1867
16233
5209
10443
16131
9975
12199
7487
11303
7781
4477
403
373
13209
15065
6191
12467
18403
9645
18137
17323
1117
7319
17487
13981
17867
9137
19297
5357
8069
15705
16537
4977
19163
3813
18967
9683
16223
363
10197
773
13417
8207
11887
3245
3583
3949
12137
14475
11043
2045
15661
18387
7579
12381
14405
5423
14955
16255
9347
11999
9635
3051
11215
18333
13377
9419
16593
13613
2409
3083
16783
18349
17669
18693
6145
18391
2893
307
5833
2005
14433
9469
4959
11399
12899
15959
6055
6923
1171
3355
7045
8271
10987
19191
9013
7573
2565
4131
723
18359
2687
15905
13603
3945
7191
3317
13509
19797
14873
8759
7195
8283
3191
7451
4639
3615
11915
6375
10323
15097
3145
15797
18547
15735
13465
2503
2945
11803
12087
14465
7599
7687
17295
9099
5741
5769
1751
1649
11783
17441
9199
3677
9003
13705
6639
6027
10803
15435
16055
14201
13381
10567
16353
3333
19637
17545
12345
15311
19361
17389
18241
1027
10893
8211
12885
8141
8575
11425
497
15985
11311
9647
2487
7411
9601
6983
17813
8319
11683
14111
14943
16779
8639
18379
9389
4617
13385
3719
8839
11337
16877
14497
17041
15347
18827
8751
13817
11011
9075
9797
2203
19947
6223
13177
17321
1475
9261
10297
18543
8325
12707
5827
9641
2293
8347
11475
14691
12583
2733
6169
8499
10967
3445
14847
18753
4301
14579
17043
16335
13839
4513
9777
18597
2741
15391
4247
14441
15439
9615
13731
8755
4839
14665
19089
9415
7155
12697
12621
13501
9149
6295
5215
10543
1211
18455
19715
17129
18335
15075
3537
10649
16007
3119
18561
18641
19
15523
13877
14677
7971
18201
15201
2465
1349
16333
8305
10087
12889
15607
18889
49
5987
631
15131
16159
439
13437
3919
7293
15357
4241
9191
17465
3461
18961
10343
4227
7141
10301
13807
12019
8997
17365
17459
7535
11515
17631
13379
14301
12043
13695
12197
14619
9327
10273
3315
17445
11765
6131
489
14427
11451
583
493
17395
1555
601
14817
12713
16137
15351
5969
3439
18313
5501
4643
19561
14541
9685
16339
12663
17031
18613
11187
16679
18885
2993
4625
14653
7001
3759
10741
19093
8261
16023
17651
13363
7061
15711
9029
17507
785
17803
10797
10981
5493
2475
17925
5585
18745
8073
13601
6551
6453
11627
11543
18351
2033
17207
19105
19619
11643
11717
12649
14059
9361
10157
1913
12917
3043
16247
14889
8537
4361
15279
4535
1909
1845
8449
4083
5063
10009
6619
10795
17491
11235
12045
9027
1285
10889
3893
7877
19787
12237
19879
7299
17065
15151
17801
6467
7537
13071
15447
11181
3015
4213
17541
16979
18419
5217
19371
1767
4813
9141
7431
1275
18025
515
16615
3233
2141
5677
11341
11455
19987
12777
15101
10037
17981
15563
9009
6545
15923
5429
575
2481
11527
10345
2991
14261
13647
17075
9287
3199
137
3253
13201
17929
6159
3885
10933
12595
2453
2961
13017
15599
6979
17313
13949
17707
12125
8953
13665
13799
4895
9585
11757
4037
4747
10029
7351
10433
15427
18887
17757
17721
11827
19703
2247
11681
3895
13105
1783
19527
7051
15831
6091
3197
9787
9351
17191
11945
9399
11897
11051
15939
12053
6357
4719
2743
6635
10833
7709
4317
13321
12067
2621
5785
10329
16463
8881
18539
15799
15981
13513
8039
3467
4573
11249
14097
4013
7477
12681
443
495
1493
5647
2541
15527
6507
5577
