5000
7873
903
4701
9935
3323
5905
5189
5455
9183
3811
2471
4839
2853
4775
3797
2749
6985
7563
1687
2567
5175
8797
5401
4205
6547
7547
4315
563
3675
869
5747
8255
1573
3401
7709
8957
9321
8459
1113
4971
545
9987
8833
7089
4455
4897
1067
3195
2045
7267
3501
8233
5501
691
7801
8727
2315
6853
6845
975
8473
2663
7471
5825
781
3075
7045
9075
4841
631
3835
7601
661
225
7393
4591
2851
6017
5739
6475
9789
7009
7209
4717
141
2373
5563
6883
4825
2367
5125
6939
4523
4405
1091
7757
8615
279
9809
821
4425
4213
2457
8851
1587
7343
623
6243
9719
5881
4803
9509
4767
657
373
9369
3315
6651
3515
5009
395
1891
5731
3067
6127
9747
1165
1163
2967
6979
1661
5425
2409
7303
4677
9025
1277
251
1099
9459
6165
8691
2025
7027
3781
9255
4317
4549
2047
8551
7369
6507
3823
7285
3715
1015
9659
9193
9725
7217
6785
2809
7843
243
3063
3603
2161
9493
1391
963
9105
9051
3229
3687
5133
6963
9415
8051
4921
667
4729
4355
2081
5673
719
705
3239
41
1401
207
2053
7645
405
7647
7783
5781
6517
249
7713
5301
6659
7105
3117
5821
4375
7809
6395
4369
7703
9313
1777
9463
4039
8585
8789
8639
5443
4303
5533
3303
3605
7861
9389
4807
3219
29
2643
4737
7827
3585
111
6579
8663
9921
9007
5111
7731
4757
2363
6621
5065
8111
1379
3977
6377
237
7687
3211
2117
4327
3791
393
5701
9701
451
8035
477
893
6789
9425
4707
2375
8045
6481
9173
7329
431
3023
9729
8569
5749
2961
9969
9697
1263
5211
2623
8289
7377
8401
7917
1341
7715
5883
8761
8531
2781
4869
455
4035
2855
6169
4983
1745
4817
693
8411
9155
8433
9477
9847
8033
6645
7541
8593
411
3701
2947
4395
5649
3243
275
847
347
5895
461
7335
429
1513
9441
8751
5101
3335
4511
1755
8419
7733
3413
8653
8749
2745
1633
3883
4705
4321
3097
4431
9417
1655
5799
1563
1359
5715
5017
683
8451
4251
7969
4263
7251
2327
6889
7455
875
8817
4723
1225
59
725
2727
627
4651
1093
7717
5653
7959
4861
2627
4787
8699
1829
2061
7611
2071
5515
6105
6229
4023
4827
6705
7345
7603
6349
8399
4541
427
1763
3535
8005
5903
3473
7967
5435
7233
7985
2221
4965
1767
4031
6367
4351
2351
7383
2273
2297
9761
5627
4311
9675
4915
6647
9993
2021
9031
2473
6881
6389
9825
1073
9695
8303
6769
2973
8871
4401
7453
6143
389
5713
6089
6443
9481
1939
2877
1569
7605
1659
3369
1185
7899
7723
1369
8375
7743
2679
4907
8299
6275
8279
7595
6637
5597
7869
4131
9197
6943
999
2079
791
4619
2497
8623
2977
7373
3623
5531
8659
5741
541
371
5769
6191
8983
8025
3911
1713
9769
8347
1053
9649
6833
5943
7981
5577
5183
5549
4631
6797
1435
853
2791
8827
9339
8019
5773
6683
1611
1235
4799
9903
8275
8671
1717
131
5119
2677
2183
3395
2279
771
4727
6439
8323
3859
8131
8085
6823
5835
9579
4449
9757
7489
1197
9707
7129
8845
557
7961
7581
379
2289
6559
4697
5355
5221
7979
9821
553
4203
3751
283
3617
1651
9991
9317
3927
2259
7525
9021
749
6385
5297
9147
2173
4815
7071
6099
2551
583
611
8525
3391
6565
5543
5265
2499
1813
329
7949
3173
9285
3983
7641
6723
125
9303
5113
6397
7191
2659
7319
7219
889
2743
3543
5381
9081
487
1021
355
4341
1683
899
1089
4529
7243
2993
5921
9069
1935
945
3145
4309
2753
7677
4623
7935
9781
4259
1677
9165
7591
4955
6493
9887
2251
6641
435
157
8891
7449
2491
961
7159
2707
6807
2067
3583
9373
169
5075
8737
4873
1059
4743
4911
2999
325
3183
9311
3995
1117
2833
3601
697
1407
485
9911
3119
1999
3325
9479
1
2223
3321
1205
7551
5231
7999
4397
3821
7061
5735
9401
2541
9305
4191
6403
1491
5105
1267
5491
3047
6915
407
8295
6261
7705
7157
3931
9759
1923
4473
9437
8567
4745
1121
1289
8975
2131
8765
4557
5521
5479
4465
2423
2915
1931
5985
9001
9765
1673
1743
7403
7459
2863
6221
529
6929
1873
3529
1183
4605
6045
1941
9249
2493
9191
9851
941
9529
4913
3953
1179
55
1649
8331
6197
8227
9157
3327
1409
2417
3881
8743
9121
2287
3863
7313
1009
555
145
4543
2031
357
2921
1561
7529
543
3003
7193
8241
7253
4657
5085
317
8247
5423
6431
1181
8135
4265
5679
3253
483
7169
6923
2511
3059
5259
5427
1645
575
3353
7115
7851
6811
6721
5755
7029
5399
143
6831
8815
1217
9835
5845
9673
6499
8719
4027
4159
3723
4755
3861
5321
6013
9999
8757
9989
6189
3197
1703
4837
4489
7663
1705
7975
1219
1221
3089
1475
3571
6509
75
9201
6225
2985
7059
2029
845
1451
9043
4371
1329
4927
3065
943
147
8555
4699
7171
2671
8305
5917
9893
8337
6027
7031
7057
9089
5413
7753
5477
3283
1629
5805
3829
8835
5347
3257
5729
4193
5509
1771
1805
6065
5763
609
865
1265
9085
7775
4565
1797
3905
8697
7955
1961
1983
5271
841
9743
1503
2175
2885
6021
5283
2687
6535
8425
4081
911
4809
1365
2433
4421
885
8157
6925
2841
5505
1049
5209
5079
7537
6239
6217
9661
7671
4741
6069
1739
2761
5091
4233
679
1549
1751
3273
7789
6729
7497
6747
2387
3707
9605
2881
3833
293
2177
4143
8601
8239
1737
9235
4513
1791
6445
5803
4547
5727
7485
5149
633
3267
8587
1913
4527
7015
6757
4185
5123
4575
799
4063
9771
7505
5583
1635
1347
9083
7325
6523
9637
521
8251
4253
5129
6211
6441
1869
7151
3959
8997
819
7769
4951
8133
6931
8253
7655
8367
7921
1465
1925
747
6005
2477
4195
7431
6311
839
8713
7371
61
9925
9377
4095
247
551
3493
333
5253
101
8635
7265
7401
433
8351
5093
6635
8693
7409
6181
2217
9135
6073
5363
8159
7965
8527
9207
8203
3547
8069
7675
6247
8839
5103
1757
8853
3805
3447
8495
1761
1969
6139
3043
5151
6911
8599
5795
8943
7621
7247
115
3999
3655
5807
755
917
3379
7585
9981
4563
4785
185
5279
5405
8049
3305
63
5499
7421
2381
8931
4573
3123
8979
5333
8027
3555
8263
6983
7039
9751
1227
2983
6711
7033
8785
7707
463
9873
1875
8685
2981
3727
4139
2275
6759
8651
699
5723
9619
4581
9763
245
4383
1269
5037
3255
3039
8883
3991
7543
4889
8759
1927
5995
1859
6421
4283
1095
5555
6581
7761
3877
1693
6905
1143
5797
619
5485
1209
3053
1063
1807
6839
233
7019
8571
1863
5447
9625
4367
3981
3969
6761
959
3393
5945
4165
9123
3851
1857
5831
2959
5141
1355
4871
9951
8181
877
7795
287
1779
905
6335
1789
211
6321
4739
1027
7
6245
6145
5593
9319
3815
3629
1325
2077
2283
7937
3311
3077
1647
5751
2807
6899
7177
2965
2323
199
7531
7767
2951
8971
2543
9393
6199
2091
7963
3245
4277
4695
7773
8609
6573
5573
2917
1389
9117
5059
7597
4429
2335
2049
505
7469
3231
2119
9395
1459
3293
5267
9175
7433
8257
79
4629
2277
2015
729
5525
8981
2393
119
6399
4843
4225
1119
2593
13
8879
9489
9507
6331
2503
8961
5915
1583
6653
4967
1497
3069
2425
9209
2899
8991
5243
9323
9055
3581
8557
8455
3113
9351
7909
4879
7341
4923
7103
8849
1937
9227
9677
3061
9571
493
1867
3505
6173
7867
547
4855
1251
8173
6679
2355
1321
1101
5159
8877
7535
3949
2209
6593
1007
193
2103
4607
3743
9251
5651
3443
417
9169
5681
4903
3345
9663
3987
9237
9469
5887
1231
6851
2661
3223
7835
3467
257
7419
1861
4329
7073
9919
4545
4459
6059
671
5641
2539
5107
7549
9413
3199
205
7473
9009
7673
7697
2611
6841
1589
1489
7857
5199
8597
5977
1981
2239
9231
8183
4279
9559
6093
8443
1433
4561
6623
8285
1349
7161
1373
383
6633
4945
381
4793
5389
621
8679
6049
8417
1609
2037
3287
6709
1449
9053
7411
2157
4299
6577
2439
9983
2133
4893
6283
8387
1521
9623
1297
7837
8381
1865
3317
7065
9431
9187
5143
9917
8273
9817
6373
3179
1145
2041
2371
2721
1417
9915
1885
703
7417
3337
6133
3703
1531
1387
2253
1529
2943
1189
3295
7849
8677
7575
9961
8297
8793
6995
6057
757
8489
4133
449
6693
6455
4391
8627
2437
5893
6011
9203
1917
4663
8107
2281
2725
6079
217
1889
5687
1851
4103
2883
4783
8823
2723
3449
859
851
339
9575
8435
1965
7245
3799
8649
2321
1599
5923
9691
7275
4797
9013
9355
1079
2055
651
1031
7863
8717
2269
8591
231
465
5775
2475
2773
5939
3167
1877
2339
2939
4675
6087
5571
1825
5529
2301
3779
5855
5057
6543
9587
8237
2467
9049
6687
3517
513
4735
1541
9093
8541
1675
5909
3193
5121
6973
107
1323
9799
6613
3825
4805
7627
3419
9273
2755
9929
2619
8951
2083
2453
1415
4211
9977
5029
7281
8911
833
969
71
881
1933
4593
6549
235
4197
9287
5327
4147
3045
5981
2099
953
9557
9449
1553
6317
2405
45
267
1523
2941
1035
1199
9295
2737
8589
1555
9573
4361
8379
9211
3539
7569
7229
9607
9687
4887
7139
375
4155
7729
1003
3129
1887
1905
753
4085
879
3227
7145
1191
2415
649
7427
8099
3683
6947
2093
8163
4751
1895
5635
9793
2135
5569
4577
9549
8807
5421
4337
7637
5229
7461
1107
9383
8787
1171
571
5655
1735
2401
1363
2101
37
8421
9755
769
8867
1765
4017
3019
6279
6357
7017
9815
7515
151
2837
8909
6571
9263
9563
7347
4905
9239
2705
4153
8865
475
2857
8209
4163
3985
213
1463
9971
5953
1333
6183
4877
2431
5603
2605
2641
9423
783
695
577
9181
7785
9071
5815
9953
9161
8061
5011
3281
4217
9891
3725
6695
2979
4551
5245
6665
3929
9717
5753
7225
5617
6511
2153
6207
301
9647
681
4941
7631
9583
2309
3481
1955
3105
2861
5819
3009
3747
6205
7517
9289
6691
8753
5281
2871
9909
8193
9779
6783
3081
2589
7195
2545
6617
1897
4985
677
3457
5205
7847
5951
97
7727
6529
1689
7821
479
4953
1077
3549
7691
1571
1853
6701
2261
2385
7759
589
7261
9359
8013
4515
6951
8153
7483
2963
3203
6123
6351
5869
7685
2459
2451
6901
8733
8465
653
9145
2199
3111
1357
2465
813
7553
2987
1575
3865
4289
9943
8427
351
1485
1011
7527
2413
2573
7811
6907
5591
5891
5927
3971
7749
2609
6719
2445
9299
2839
8545
1667
1741
9095
8015
2779
4101
2207
4169
3645
5441
8249
4359
9593
1685
3041
4129
9363
2701
8993
1601
3403
7399
7011
9685
3021
3625
4075
4297
2931
8629
7257
5873
8259
535
167
3215
9975
3385
2331
2801
2057
6061
2319
6023
3507
8987
105
9967
9885
6381
2097
6753
9171
861
7593
3527
2647
7987
6041
3263
9877
2595
1283
2777
9345
3133
5495
3817
5335
1707
7293
57
1273
6495
3007
3005
3773
1367
5897
43
8513
5303
4313
5487
779
8575
5173
7943
4999
2403
7395
4525
8095
7197
6655
2095
7589
5045
6795
2597
1721
9293
7503
7435
5871
2843
21
8207
3475
7797
8201
4569
2089
8267
3879
3869
955
931
6731
1075
3099
4719
3785
8811
8493
1595
687
8385
1139
1279
8113
3611
9149
1959
8715
9485
2001
4161
8657
7125
3719
2739
3031
8869
2709
7215
7791
9039
3407
9865
6491
9767
1525
3649
7725
937
1977
837
9721
445
4443
3659
7933
2075
1657
3297
1495
3363
1911
2645
2831
5899
4991
2607
5817
973
4943
297
7363
3151
5989
2731
419
173
765
1585
4789
2023
7413
8423
5047
421
2829
3705
689
6815
5353
6497
4127
153
3131
5317
1327
1105
567
5299
11
745
2147
8321
901
4059
2953
5517
3459
4703
1207
867
8809
2775
9331
4617
469
9913
5071
6055
723
9689
1565
23
2995
2989
3149
4625
441
9665
3251
1437
161
263
2305
6329
517
4073
501
4379
2793
1787
6063
1951
6337
5475
5007
3159
1603
7439
7099
4189
3171
4901
5963
4021
6113
7665
1507
4635
3541
8967
1071
9531
6263
7493
3903
363
343
5789
6195
6513
7607
3753
1393
8325
3165
3559
2159
3717
8143
2399
4087
8763
7823
3135
6949
1127
399
3433
1429
7189
3745
85
4963
9535
761
2523
655
241
8067
5667
2769
2585
6765
2893
5005
4537
77
8369
4947
9963
1061
3735
6471
9715
919
409
5581
6817
5409
5901
7765
2759
4437
1639
759
8903
8311
527
4111
4685
777
5759
825
4487
6091
593
2919
6097
5329
6945
9033
7741
2027
9787
1203
369
537
6463
8711
871
8881
4821
7831
6503
5579
6039
9927
3695
6591
5469
7287
8161
5933
3669
4365
2201
5705
3533
2879
7315
9515
3793
3739
3897
1135
3875
9543
721
3557
8595
4589
7625
3933
3437
581
2181
9283
5865
5613
6875
2227
191
1903
1811
9397
1879
9645
1315
5957
4011
3241
1159
2197
239
9931
1947
4769
9501
709
189
1253
9791
9693
255
5377
579
8041
2107
5395
6897
8819
4627
5307
3217
9241
1643
5537
1681
923
9445
6077
4801
9453
163
4243
2051
2215
8365
6457
6707
4559
3849
2785
7005
5639
1749
5385
4419
8397
6359
3783
9773
481
3153
6821
3755
3343
733
2271
8725
2155
743
4521
7081
1419
9027
2341
7381
6393
7111
1123
6149
2591
7201
5625
7855
6669
3789
6567
8057
7815
8475
3839
4791
3521
6955
8825
8511
5067
187
5779
6447
3997
9703
3901
6791
1515
9115
7173
1455
9361
1845
9657
2845
7649
103
9005
3917
2865
2717
8829
9503
5829
2703
31
2897
8343
1461
607
6877
2489
3271
2245
289
5913
6971
5609
1177
6873
6909
7747
3643
7199
6277
9195
7701
2957
8009
3471
3079
2587
8047
3093
3777
7305
8847
8641
9863
1535
2697
299
259
2565
9163
3355
9577
2747
947
2665
7331
6161
1287
8139
1539
4333
123
675
5745
3091
8313
8245
1441
2013
7507
5783
9365
641
711
823
2141
6595
9419
7241
605
8429
9091
2337
6519
6993
439
2349
47
8445
7883
785
7237
4201
1499
7047
3265
883
6453
2463
5997
1793
5161
3945
2765
6689
5195
2189
9985
6117
5263
8655
9997
1883
1335
4285
7269
5431
7699
2145
9737
5315
7175
3037
4659
9315
3561
4209
9525
9061
6483
1551
1405
2109
4519
6855
3429
3085
2501
9465
4357
6553
3699
8261
8705
4239
6237
7719
9179
933
7407
2317
3491
8631
2903
2379
3919
9551
8535
3465
2689
9879
977
5941
7231
5295
6107
3537
4413
9467
4293
3531
2219
4461
9119
5213
3693
9601
1471
8937
8431
5987
7501
9897
3857
1111
9589
1621
4417
855
3381
3607
2059
443
5319
2789
3795
4715
2757
4247
6249
673
9875
809
8393
281
4683
4457
7829
3205
4995
9343
9823
4979
9243
2787
2185
2529
4241
4899
9277
4447
3461
805
5567
3121
2377
5837
4047
9795
987
4099
4833
7617
3737
4977
1579
5979
4187
8539
135
2741
897
2675
6961
1447
7055
1597
2695
3637
981
87
7945
425
4305
717
3247
3503
3143
9513
6629
8773
9387
137
4475
1421
4961
6147
1493
4403
4393
8093
1275
3101
4151
991
1313
6251
1443
9807
5459
9267
4121
3249
4387
5453
7279
4215
7007
2143
1985
361
3155
5823
6697
6531
4485
5063
3641
3671
9735
4005
4865
7587
7579
9801
9107
2691
3175
1255
1259
3967
2519
6541
1975
9385
4531
8391
3139
2129
595
685
7679
2009
4503
6379
8735
8775
6805
165
4779
221
9097
9483
7149
7877
9217
5585
7023
2849
8927
3891
5457
7441
3235
4067
4597
5287
8083
3937
8499
8813
4219
9079
305
9427
7475
1395
1849
1627
4173
2361
9131
2603
715
5451
9733
3157
9899
7737
2249
2343
1083
309
4107
1547
2527
4125
1453
9797
4721
6989
4609
8729
1103
2265
5235
789
4771
5053
9679
9391
3713
6459
3319
8137
2193
4071
2003
8335
2479
8933
3415
6771
3889
7545
3667
5179
2411
503
2247
2299
1995
1613
9407
2435
2165
811
25
7289
9709
5207
9775
9063
6675
4291
617
6365
3579
3819
4585
4273
519
3051
5507
8211
4883
8661
447
7165
9433
3225
7311
5629
6309
1957
6371
1827
4079
9245
6167
1245
2085
8477
127
6417
9099
1161
8803
1005
613
2507
1921
6187
8621
8119
4601
9519
6977
7075
3187
3809
9643
8109
815
6551
6773
6801
8265
2997
4439
7971
5677
4275
2583
8603
9329
2925
985
5277
1593
5471
3907
2923
5185
6135
801
1413
5365
3663
6725
3567
1727
1803
8281
7571
2007
8383
9523
8919
6155
1311
2729
531
6885
3011
1559
39
7321
1423
4089
9325
6869
5595
2653
2875
1137
3639
6713
5261
5139
4647
7447
1963
773
1831
4655
5357
2483
8453
397
8709
6921
3989
6227
8269
4673
91
1115
1973
9839
1317
7077
6545
5429
1211
7669
5765
647
549
35
2639
615
1057
3627
9375
51
1785
4615
3679
4171
3367
5697
4183
9861
4781
5743
4199
6525
8065
3163
5201
9805
5351
1241
5605
5313
5193
2535
4579
6433
3209
7509
9837
7255
2205
2635
8307
971
4813
6083
1841
5285
1261
9219
9949
223
4639
8519
1945
133
4339
6487
4571
5257
8769
3169
4045
2043
5481
5851
3289
2241
4433
6933
8187
2715
4761
1361
171
6777
713
4363
4501
5669
4987
2359
2179
3769
5853
6479
8359
4077
4385
9711
7083
4381
4117
3615
6477
8071
6101
1257
5843
6703
8887
3575
5249
927
8897
7067
8191
3721
4051
7881
523
8805
9907
7227
8483
9955
9555
7477
3049
9349
6857
3867
573
9357
5025
3375
3425
625
9275
8905
129
3993
4261
9457
3525
707
2815
183
5167
1381
873
367
5039
7041
6809
3923
6103
4993
6673
9261
2537
9595
2369
201
857
4637
1291
8799
6755
3399
3013
4713
6151
27
1337
349
767
3843
5527
3591
5911
1843
9225
5827
4937
8953
271
4301
8781
3389
1065
273
6751
8645
2783
7839
1699
3427
8021
669
2637
8613
9617
7841
8509
5449
8831
6255
3509
285
2461
5023
4137
829
637
6681
1169
6257
6193
8553
7619
2325
3935
93
6467
5539
6241
8989
3565
7539
9527
5999
9259
3397
6575
9
5031
1193
4693
5391
3103
3383
587
4891
9455
807
2547
8643
7127
8915
7651
1247
2353
7941
1043
8345
3599
5089
9253
6423
401
3127
7635
3941
4653
7035
6781
9291
2683
741
7939
8333
1949
5177
7573
4599
775
6363
423
7349
9867
3309
8277
2121
5341
1881
2407
2469
3961
6749
4497
949
5847
3841
8783
5233
2771
2509
1775
2719
8023
5069
7221
5127
7781
495
4469
6291
6271
6163
7079
9753
863
5099
9653
4061
5289
8059
3275
4427
5983
2521
1293
9399
2751
9749
8501
7989
7167
3495
6893
2633
7355
9945
1557
265
1855
5187
4645
597
9409
4795
8625
4115
7153
2803
323
7763
4065
7207
1823
6827
2891
8309
4037
9973
1131
5937
6407
9307
2969
9471
1943
5411
3691
9101
9103
33
9905
3513
8619
1623
9615
117
3147
6131
1175
5801
4377
3519
9569
763
2913
5439
4671
6353
2763
895
197
3523
4997
7633
4709
6819
9845
5691
8673
1663
2427
3213
67
3955
1377
8103
1237
8471
1505
1017
2823
83
3201
3957
2113
6273
2929
113
4325
4973
473
8973
3409
353
413
6339
3597
385
3361
9819
6137
5793
4389
2955
9621
8235
3313
525
9137
3837
1701
1295
3339
8415
951
6605
6285
8703
5645
1989
7693
5565
561
1037
8583
327
2073
2115
4145
8607
6029
2711
6763
9827
4835
5083
5169
345
2395
5191
4753
1427
8949
5087
6685
337
9869
643
7659
1607
3115
4003
5393
1759
1201
559
2825
3435
295
7457
5557
8959
95
8857
9959
9777
7051
3731
1147
109
3001
9059
9029
7871
6941
7977
1151
3899
1709
4323
3741
7123
10001
2933
9015
8169
4641
7097
5559
5919
1725
467
9233
3845
7623
7463
3801
7953
5761
6315
9301
8695
4499
7423
5857
1431
6597
5785
3025
3329
9429
7689
9337
6437
1591
8755
6179
1385
8505
9109
1411
9603
1481
2005
5273
6347
7567
3761
5693
9699
6287
5839
5155
3423
4157
2203
9435
4231
1233
4733
2681
9641
1425
2495
1729
5859
7983
8073
2011
7599
7405
9041
4483
1835
8215
9281
7911
6387
8407
8449
3277
8745
639
3207
8389
2347
2391
2805
3351
8125
5203
7001
5227
4875
5993
8549
5615
3673
8777
7117
6927
4001
3107
8079
8873
7443
7927
9883
4175
4237
5767
1167
7379
2171
7973
1025
5359
4423
5403
6643
7897
2345
6141
2065
1239
6661
8941
6779
437
6219
7437
8731
6609
4849
3189
7003
9065
2909
3279
6401
7895
3333
9853
4255
3633
3451
5967
2935
3285
8801
4007
3485
585
2713
6213
3847
7667
7181
2313
8463
2835
6115
1847
507
3759
5969
1477
9011
9567
9889
4049
909
3661
5117
2357
4287
6859
9857
5417
7263
6671
5445
6451
997
995
2167
4229
7297
491
4235
9405
5097
2817
9347
181
6157
8439
6739
4269
3665
2561
1087
3015
3973
2577
3357
3301
6215
4633
9067
979
6957
4479
6847
1991
177
9639
3577
4245
4113
3657
4819
8917
4621
1397
5545
4181
1051
9611
5021
4347
1055
4611
3771
219
6419
5255
7337
2333
3109
4665
3965
8115
4223
8301
8939
4009
5637
8581
1305
5223
1731
7695
5019
5081
5217
1671
3589
3775
9159
7555
6849
2505
4109
1339
7179
7365
5375
1331
2625
8287
7351
1303
1501
6111
2799
6727
8179
509
1047
7013
8101
8327
4477
9151
9309
1545
65
5711
9597
1125
4435
1509
8053
3269
8017
261
2827
335
6867
8503
4679
1271
6953
4917
8147
7799
5171
3853
9627
6813
8219
2553
3499
9447
1351
2889
203
7779
9829
8373
6561
5225
751
3469
5077
4689
7467
2229
5931
5947
4929
7155
4399
1353
4349
6999
5647
6003
6639
7565
5661
5407
311
1971
17
3787
7887
9933
8127
9017
4179
3477
9923
3141
7317
665
2581
9849
9247
4517
7327
6129
7385
3411
8213
9833
2667
645
1967
5497
2443
9279
9077
6259
5163
7755
5343
1839
6325
3299
1711
5771
9111
793
5239
8481
7819
6265
5027
2549
2613
8923
1249
1153
3807
3331
2555
1223
8637
6465
7613
5437
2559
7391
4015
1697
4069
2429
4857
5247
7997
1909
8225
9855
3545
9367
4033
7053
4083
8469
4535
2035
4271
4029
6563
8955
2821
5153
989
511
8561
9205
4931
2139
4307
5397
4441
9581
4055
921
1625
4207
8843
5867
5433
7087
5463
5291
2867
1773
3979
5553
6997
1383
2033
7283
8461
3377
9177
8667
8491
5849
6619
4881
8965
3593
359
2649
8687
9297
8457
2195
7135
7735
7885
4507
4555
1487
3551
2329
5379
3307
6449
8889
7183
3161
313
7499
6415
8899
8521
9871
8517
2557
1979
1631
8529
7259
6485
9895
8121
5483
4939
9939
5535
2615
1133
9545
7085
6007
9491
5323
2235
4811
81
3371
8353
7859
7357
957
155
5633
1081
3405
7561
3749
9271
2901
7925
3439
929
4925
1479
4135
8319
7865
121
8341
4123
6935
2991
7491
253
8329
6383
9411
6601
7643
4267
2895
3765
9499
5717
8097
499
7043
8573
6043
4093
2811
4105
3237
9541
6887
5309
9439
2911
5181
7993
8403
5671
3083
6603
2569
7481
5949
731
3653
1993
4989
1619
7657
7021
4859
69
8647
5049
2303
7745
7787
5503
227
2733
8039
7947
3729
659
1799
9811
3365
4491
459
9713
8317
5157
2441
629
8355
1837
5965
7487
6865
9333
5971
3909
6319
8767
6667
8055
1801
9633
7235
3233
3479
3631
4041
9047
6715
795
2945
8205
1309
4345
3813
1343
1033
175
8243
5325
8167
4097
3635
1997
8029
4649
7141
2257
7923
2163
5575
4587
5809
7309
3939
9037
3951
1819
2617
2907
1833
8123
6959
9023
453
7639
7995
1719
4057
2525
9831
8291
6717
7777
7523
6209
8037
7069
8995
9635
2285
4445
3915
2905
5607
3431
5619
6589
2601
8523
9995
7805
8721
6067
7629
3621
9655
7903
8043
4851
5561
965
6937
2237
7879
6903
1871
7907
4829
7711
6289
2971
1399
8145
5137
4823
7511
2819
1375
4221
5337
387
6333
3291
5833
9475
8437
1715
5737
195
9667
3893
3587
5461
7905
2651
3553
5147
4149
4667
1457
9979
1783
2397
4759
6361
569
6537
7577
3417
7249
8841
99
6919
1085
7361
9957
9727
4933
7187
9517
6355
9035
2267
925
6987
1299
8977
6657
6269
1915
3029
6599
2693
5073
6203
8117
8221
4669
7137
7429
9741
8087
5601
5929
2869
215
7397
19
3709
4343
6019
3569
5035
5889
7739
7893
1809
6307
5811
1617
787
2873
6405
5331
8929
7339
4711
3191
1157
8357
7037
4553
6313
7333
2149
3125
6539
2263
6607
6631
6913
2797
735
2311
8165
6025
9421
2213
9473
9327
1543
1893
3885
3511
9841
8605
1215
8231
1665
5493
3177
5733
8893
1605
9631
5683
7661
2847
6281
1533
8141
835
2063
6297
2937
7833
5241
6175
2485
2629
5373
3733
2813
6787
8945
403
2859
6267
1301
7951
849
1473
4415
4747
6515
5659
967
8791
2487
3913
4335
3873
9843
6391
3871
7101
6435
6235
2575
5719
9533
8175
8371
3647
1023
3185
2735
5237
1567
8151
5599
3613
73
209
9353
6981
907
8447
9881
6159
8901
6327
539
2365
4919
4853
1029
3689
7213
2513
1019
1899
3803
6527
4845
4043
5709
1723
4725
8563
8003
7147
5975
4091
7091
8217
5001
6871
7929
2685
2657
1637
2087
3259
6075
7513
1577
4467
8747
4295
6231
1527
6409
7109
1307
8315
4481
2481
1781
7915
9487
9335
9783
1445
7223
6829
6031
3831
4681
9553
5955
5051
2243
4969
6427
1155
8197
9511
8497
4831
9269
7063
2151
1469
5305
6295
7415
4867
8723
2127
6521
9671
6085
7387
7681
8821
1769
6835
817
591
2233
9565
7093
4409
5293
1907
8395
5383
7119
5961
159
3387
6081
6735
8683
1439
2621
8947
7609
831
8223
6411
7519
9215
1285
4935
1901
1281
15
6009
6793
9495
7825
8441
6299
8675
8349
3975
993
1069
6587
7845
4019
6473
5003
8075
8063
6047
5095
6345
6837
3087
3095
4053
5109
6975
8855
6109
8895
5623
4119
8999
7495
6611
6627
3261
6461
6223
7353
2579
6185
8189
3925
7751
9651
4025
8907
2169
49
4471
7465
3963
9127
5721
4249
6121
7803
3359
6625
5663
5547
4533
2019
3441
5465
5219
2111
7913
663
7359
5925
9521
8985
8089
5311
3595
9221
8577
9585
1345
2563
1821
2039
7375
6585
3895
5371
3445
9443
3035
1229
9537
8739
8229
7239
2137
5033
8177
7583
3943
5275
5689
797
3455
4509
1537
8543
9141
5861
2105
3
9379
5041
5473
1041
6991
603
6799
4281
5523
7425
9229
4319
5959
6323
3681
9683
5841
2571
3027
4909
6557
2225
8129
2293
7445
1747
5145
9189
8283
6429
4353
3487
4583
3677
2533
3763
3947
5973
5513
9185
6015
489
2291
2517
6825
5043
533
3347
5863
365
3489
9199
6125
6803
4643
8913
5339
3341
8537
9941
7957
3609
4567
5877
1795
3855
4975
7185
5551
9113
8467
6201
5791
6305
8885
7163
5695
3057
7931
2767
2975
887
3767
8515
277
6071
6001
3887
1097
1987
5419
4411
2295
5415
471
7901
5879
5885
9073
3697
4765
4407
6293
939
9813
3453
2449
9947
9539
331
6413
843
1141
7205
5511
5015
8361
8105
2211
3685
8485
5757
8617
6767
6153
8081
3827
6033
7295
4373
1615
5165
5115
4493
1641
7095
8559
4451
6233
6663
7991
6969
1243
6843
9731
9045
1581
4177
8031
635
9167
8271
1403
5215
8875
2669
1045
2447
8579
1733
5269
8633
391
7025
179
5935
8199
3349
8001
9381
9451
3497
1149
7131
5519
8007
4895
6649
6741
9341
2421
7889
7793
1371
2017
9785
4013
601
7557
5725
319
8011
1753
5013
2927
7559
6891
9681
7721
6967
7853
5611
8185
5061
9965
7107
8707
7807
8377
6745
983
3055
8409
8533
8077
6177
3137
599
7891
5699
4257
7203
9497
935
8091
2191
1213
727
5907
5643
1953
3421
8155
701
1817
3619
3181
415
9087
4453
5361
6037
2455
307
8413
5197
6733
9599
3483
8363
4691
6301
8771
6863
7813
7683
5665
9257
9057
8507
7271
7301
1653
1013
8681
9461
9213
4539
4885
377
4331
5369
8861
8689
5875
6035
2069
7273
6375
6533
5349
6699
1815
5813
139
6879
5367
89
4981
1519
1929
1001
9591
7323
149
6053
5251
4777
1467
4613
6171
6303
7133
5991
8565
9265
6051
8925
5657
6861
8837
3757
6965
4773
9859
6555
1129
3073
9669
2673
9139
2419
7479
7143
9371
4141
4763
6677
8859
2125
9403
3071
4661
1919
2515
3573
6917
6369
8547
827
9629
1483
7919
8741
6895
7121
1669
2599
6775
4749
4957
5345
5489
915
6505
8405
2631
4959
6341
229
1187
5675
8935
9937
9739
5621
5631
7521
5135
4505
913
5387
7817
2187
1695
5703
6119
9129
4949
2389
7389
737
9505
3463
5587
4495
9153
8665
1691
3373
2949
6743
53
2655
1039
4847
2307
7291
3221
7049
6501
457
891
8669
4863
269
5131
9745
5467
8171
6569
6469
9723
9561
6583
3651
8795
7615
315
1173
7277
739
9613
3033
8863
7113
8921
6489
4227
5707
9901
5541
341
8293
6737
8963
1679
1195
8487
5685
303
8969
8149
9133
7211
3921
7771
2699
1511
5787
7451
7299
7653
6615
6343
6425
2255
4167
9609
2231
4595
2531
2795
5589
4463
1319
497
3563
4603
7367
9003
4687
2887
4731
5777
1517
6095
803
8779
9803
8611
8701
7307
8479
9547
7533
2383
9125
8195
321
2123
6253
3017
3711
9019
5055
9705
9223
515
1109
291
565
9143
7875
8339
